Nodes
320
-10 100 
-10 106.66666666666666 
-5.6882653087722659 104.508958851161 
-3.3333333333334574 100 
-10 113.33333333333331 
3.3333333333332185 100 
-5.0809899688232791 110.03028968012974 
-0.027003241704592895 105.84783790900852 
9.999999999999897 100 
-10 119.99999999999997 
-4.8469591726189556 116.55114917836863 
6.8552198418871839 105.32443854868785 
0.13103200968091477 113.2130936347439 
4.8715288282637186 110.19884876079688 
16.666666666666572 100 
13.460983235431783 105.3333186088034 
-10 126.66666666666663 
-4.6652201012568444 123.19616530924804 
0.63587660807917568 119.77441388718637 
10.393931715643836 110.64076050717259 
6.6319814331546905 116.34469867907637 
-10 133.33333333333326 
23.333333333333247 100 
29.999999999999922 100 
20.035270540850131 105.41120687010101 
16.784244483440322 110.88535716377338 
-4.6919164121445522 129.90317102172995 
0.63219545271979294 126.4718822588431 
5.8940015786677904 123.06306095111925 
13.615783372914347 116.42292727620836 
10.844013767909518 121.07353709231963 
-10 139.99999999999994 
-4.6663848751722572 136.5898802240803 
-10 146.66666666666657 
36.6666666666666 100 
43.333333333333279 100 
26.656519696096066 105.40088897540356 
33.315373528426043 105.3891724995858 
23.306404189262427 110.8466125488049 
19.893093846539408 116.65731717154983 
0.66180016101238981 133.19515382976843 
5.9814752260078015 129.72525414529335 
11.219318286342251 126.55106812376617 
16.489660313329431 122.65011682978883 
-4.6355470660081703 143.29438991904189 
0.70693290348870952 139.89808842118333 
-10 153.33333333333326 
-4.6268978024707357 149.98423089851778 
49.99999999999995 100 
56.666666666666629 100 
39.983901402924623 105.38111037967036 
46.651523646253999 105.36446650234774 
29.955380505344877 110.77734348638248 
36.631781795664892 110.77948270050796 
26.515725654373558 116.20111559035247 
23.290109884255131 121.72861565495894 
6.0518795526441913 136.48563107851584 
11.39863758140706 133.1074333284337 
16.708932573821546 129.68718024958901 
21.339902450365688 126.71786604723265 
0.73235425615518801 146.6070186639547 
6.0953984911748167 143.20317587249789 
-10 159.99999999999989 
-4.6069233543596946 156.67318102713048 
0.73888430137540972 153.32554474408659 
-10 166.66666666666657 
63.3333333333333 100 
69.999999999999986 100 
53.317243815996733 105.33698531453309 
59.989363327418637 105.2998641778111 
43.307663900071425 110.75479605959141 
49.971739200967981 110.70969014162546 
33.264816332796862 116.20858248252252 
39.967617495107028 116.17027406412581 
29.904040444465032 121.70616631684993 
26.877126695577779 127.10113921368904 
11.467032952774371 139.78468087391832 
16.933666445994064 136.33684252586352 
23.023276586316861 132.79175273391743 
6.115014671350651 149.93452846257787 
11.436603919476246 146.42140582205681 
-4.5642391579180011 163.38016681333127 
0.8097579379846972 160.01491222749942 
6.0940296740017459 156.61594697369557 
-10 173.3333333333332 
-4.5578111671148003 170.13794184659906 
-10 179.99999999999986 
76.666666666666657 100 
83.333333333333314 100 
66.663003375088252 105.25474096147758 
73.315121162624379 105.12414538441415 
56.631588835426726 110.64227624811269 
63.328122101860671 110.56294489432129 
46.642759645895886 116.12046396138102 
53.290824696819357 116.03449262796848 
36.654541807671386 121.63722888081411 
43.356795171626914 121.54861689648429 
33.373976884570986 127.15350342338735 
30.027800739340595 132.68522988553985 
16.813976785958602 142.98492165510109 
22.190142195685944 139.66508631422175 
27.162831864749272 137.41283600217085 
11.392355050997628 153.08841664547882 
16.735422328562599 149.53198266536955 
0.96081534558144455 166.74646729842104 
11.2783488103256 159.92652755611499 
6.2380951400135745 163.31853906459517 
-4.5216810689056999 176.71666530289272 
1.5322542893353219 173.89238732093401 
-4.6320812496543704 183.08530261366684 
-10 186.66666666666652 
-10 193.33333333333317 
79.922236606356378 104.93052197605437 
85.474535289982938 104.33967327371747 
90 100 
76.626661388488102 110.0181352461844 
70.012182505057623 110.54147299205057 
59.904180441114477 115.9072836516557 
66.584939222280894 115.68060657458041 
49.988871496054799 121.48626669237721 
56.611067192441531 121.34022393968796 
40.052389469055882 127.04135322653519 
46.812229842676203 126.84113046238249 
36.598441984021377 132.7022727867278 
33.127595714527587 138.95863390617313 
22.120922333918578 146.16941026961047 
27.44534408787538 142.96347717100198 
16.68893724589703 156.07409244670367 
21.961483392877899 152.45728451068439 
16.878152187214823 162.0954704232272 
6.4278818020605071 169.7889134356648 
12.058756792002612 166.88518563842706 
6.7073513037677035 174.72251467517796 
0.52672363321704674 180.05248215548411 
4.8399987724612368 178.13728735419036 
0.18431660964188368 185.10116109432749 
-3.9915237836320783 189.98192560933603 
-5.4309289776313081 195.68498171377996 
-10 200 
84.117106510225042 110.10117772586648 
90 106.66666666666649 
79.639277195432086 114.95273079233679 
73.462777679006336 116.57556982697804 
62.984799611106013 121.18218110698271 
68.730886443329581 120.75231098313706 
53.460730128796001 126.87817122085717 
60.054800181771867 126.56140041041553 
43.390917912815908 132.41351053631794 
50.127870551086396 132.16026083604913 
40.139666390356084 137.97007984854923 
37.841946117961747 143.72128079522858 
32.568362225515671 146.28087855176679 
27.353149489002725 149.19826286345773 
21.839043406433493 158.57302412427634 
27.031425553452976 155.19693469468871 
21.360326445266235 163.75228306948432 
18.495101519452835 167.49530661947006 
11.059409854514236 173.15811180827015 
15.65378608331231 171.55484118340294 
9.6767249281891221 178.6346108903993 
5.7468184929269306 183.37542948722444 
3.0442097215129493 189.57798994229816 
0.16138733826352281 195.10262715514847 
-3.333333333333333 200 
84.585114220712796 117.02808589978311 
90 113.33333333333314 
79.129233872327021 120.41832141809577 
73.500493408084793 123.63243001890572 
67.182610579477142 126.67787997725101 
63.065481790660172 131.35224937031029 
56.988815341729605 133.02070526402858 
46.713835044739994 137.780570833323 
52.35006044510547 137.26786962384148 
36.612586449393213 148.50431760450806 
43.953928689222295 142.94888737723517 
41.022206819426181 147.87853206793014 
32.969212104711829 152.33548560084512 
31.544064753449227 157.84692688746003 
27.152171550139222 161.93407841437443 
24.306769093527077 167.70084742172367 
20.712818515393948 172.98321198055521 
15.829036984084583 177.35502962796161 
12.713742043516431 183.62616512585555 
9.5934488089068335 189.16131464279499 
6.5523269202498229 194.73884326808275 
3.3333333333333339 200 
84.547706805750579 123.5003049131969 
90 119.99999999999983 
79.04003392497556 126.82080705737411 
73.449864634309179 130.10003875536026 
68.040226240967854 133.42538208160244 
62.684200236036418 136.87556828201537 
57.176822724693302 140.08864133738811 
50.956259225923958 143.34572113739534 
38.649222013442959 152.30605971004761 
46.235029730285063 148.25521447415019 
42.911948923388096 151.60201012951313 
36.445551079034715 157.2090851713736 
33.687827053223742 162.44739934027834 
30.370672316927223 167.70033419381298 
26.833421076883617 173.11195089431732 
22.683563924782177 178.18528394061263 
19.429516049000746 183.47453077942674 
16.334247023337468 189.06406566928752 
13.169348651897389 194.58539436402148 
10.000000000000004 200 
84.528753101849418 130.06960278026392 
90 126.66666666666652 
79.036461618477219 133.40600744658263 
73.576529987170844 136.71880475317138 
68.151191727836533 140.03515503178042 
62.726424052140182 143.3955108811775 
57.264805217886618 146.66227433182902 
52.038389483561822 150.1885180313416 
41.933826704703712 156.3069276861157 
47.064079544464278 153.85580568509192 
39.788741394000709 161.9991539430907 
36.727940559602033 167.5293981869132 
33.298639164285227 172.97844327577255 
29.431882408433264 178.26767485561859 
26.276231093038238 183.661687293352 
23.054535846455622 189.08050885642163 
19.859743440048096 194.54852667817121 
16.666666666666671 200 
84.536398545383705 136.69650713856819 
90 133.33333333333317 
79.080052644299286 140.03344398124491 
73.646922681535798 143.35918754447249 
68.235904551539605 146.69279371062325 
62.845619854848621 150.01863259342878 
57.533578332575303 153.36464702707676 
52.218546112425699 156.60026826797505 
46.733716359794307 160.87390850909293 
43.301128770524372 167.19495350281085 
39.91822059860754 172.85055055871919 
36.481702770420689 178.3124864404638 
33.168892934038681 183.77426958916567 
29.862879365718282 189.17060375538941 
26.564598107590896 194.56363896290307 
23.333333333333336 200 
84.554502722984481 143.34541168872613 
90 139.99999999999986 
79.123542418616182 146.6787515347653 
73.71351063695711 150.00877401459965 
68.333213618697854 153.34374880043049 
63.002431351343205 156.69384286255274 
57.83167797538583 160.02434607533345 
52.654099083700331 162.22376389743903 
49.792376676252026 167.23542661884804 
46.477277831302338 172.72245882047264 
43.188430064008202 178.26932694172089 
39.884151453151212 183.73465342178602 
36.574915805544727 189.16855114530051 
33.274791677689642 194.58190500391981 
30 200 
84.575786431007785 150.0019550700828 
90 146.66666666666654 
79.166880784589608 153.33193691528328 
73.779203855030175 156.65557030723306 
68.424275695265635 159.99518946929985 
63.046300963015 163.41663342925639 
56.947497363941046 167.0216450681373 
52.901690947244759 172.6715309527996 
49.81449271975729 178.232411993798 
46.60408758385276 183.71872075536797 
43.286531946855632 189.16443340214448 
39.970161770695576 194.58464816008066 
36.666666666666664 200 
84.586800452527442 156.6654303288984 
90 153.3333333333332 
79.198009323307247 159.98188909605955 
73.843343234296498 163.27716225415281 
68.541631139585476 166.58502047922858 
63.386387297311565 170.08441810117813 
58.531648727526786 173.11177232534146 
56.393523475825248 178.29882413079639 
53.328855558787623 183.75482310031413 
49.986442048392874 189.18198351806339 
46.66586767197235 194.58444476572737 
43.333333333333336 200 
84.608921113025772 163.31772284430943 
90 159.99999999999989 
79.251325606606017 166.61236079043843 
73.93175511342406 169.86286922963475 
68.612115583091622 172.92602032279893 
63.279577209278315 177.20743059556065 
59.901239867662639 183.30321962003202 
56.573604728378513 189.04102592810798 
53.268111593648136 194.52684306040365 
50 200 
84.6320773339135 169.97274598416223 
90 166.6666666666666 
79.298434997978703 173.26200713607633 
74.043680118986074 176.51464439511329 
68.965618269169497 178.53944713419341 
66.202236534551815 183.41010092298279 
63.066566511164929 188.96885874159034 
59.88833658997703 194.50709295328241 
56.666666666666664 200 
84.639749478046042 176.64270360004909 
90 173.33333333333326 
79.293269645815101 179.96655214740258 
73.212247311167744 183.37117511205426 
69.411940116628941 189.04579848372157 
66.42217287786751 194.50595139814911 
63.333333333333336 200 
84.774874187510946 183.29163920033969 
90 179.99999999999994 
79.738084695444527 186.59619716611283 
74.83090179757825 189.52548553485326 
72.833650604561925 194.51417935070285 
70 200 
84.978133649638423 189.87773251446382 
90 186.66666666666663 
79.734679375763946 193.96889819615691 
76.666666666666657 200 
85.621163639111131 195.40966052417369 
90 193.33333333333331 
83.333333333333314 200 
90 200 
Elements
578
1 0 2 
0 3 2 
4 1 6 
6 1 2 
3 5 7 
3 7 2 
6 2 7 
9 4 10 
10 4 6 
5 8 11 
7 5 11 
10 6 12 
12 6 7 
7 11 13 
7 13 12 
8 14 15 
11 8 15 
16 9 17 
17 9 10 
17 10 18 
18 10 12 
11 15 19 
13 11 19 
18 12 20 
13 19 20 
20 12 13 
14 22 24 
15 14 24 
15 24 25 
19 15 25 
21 16 26 
26 16 17 
26 17 27 
27 17 18 
27 18 28 
28 18 20 
19 25 29 
19 29 20 
28 20 30 
30 20 29 
31 21 32 
32 21 26 
22 23 36 
24 22 36 
23 34 37 
36 23 37 
24 36 38 
25 24 38 
25 38 39 
29 25 39 
32 26 40 
40 26 27 
40 27 41 
41 27 28 
41 28 42 
42 28 30 
29 39 43 
29 43 30 
42 30 43 
33 31 44 
44 31 32 
44 32 45 
45 32 40 
46 33 47 
47 33 44 
34 35 50 
37 34 50 
35 48 51 
50 35 51 
36 37 52 
38 36 52 
37 50 53 
52 37 53 
38 52 54 
39 38 54 
39 54 55 
43 39 55 
45 40 56 
56 40 41 
56 41 57 
57 41 42 
57 42 58 
58 42 43 
43 55 59 
43 59 58 
47 44 60 
60 44 45 
60 45 61 
61 45 56 
62 46 63 
63 46 47 
63 47 64 
64 47 60 
48 49 68 
51 48 68 
49 66 69 
68 49 69 
50 51 70 
53 50 70 
51 68 71 
70 51 71 
52 53 72 
54 52 72 
53 70 73 
72 53 73 
54 72 74 
55 54 74 
55 74 75 
59 55 75 
61 56 76 
76 56 57 
76 57 77 
77 57 58 
77 58 78 
59 75 78 
78 58 59 
64 60 79 
79 60 61 
79 61 80 
80 61 76 
65 62 81 
81 62 63 
81 63 82 
82 63 64 
82 64 83 
83 64 79 
84 65 85 
85 65 81 
66 67 89 
69 66 89 
67 87 90 
89 67 90 
68 69 91 
71 68 91 
69 89 92 
91 69 92 
70 71 93 
73 70 93 
71 91 94 
93 71 94 
72 73 95 
74 72 95 
73 93 96 
95 73 96 
74 95 97 
75 74 97 
75 97 98 
78 75 98 
80 76 99 
99 76 77 
99 77 100 
100 77 78 
100 78 101 
98 101 78 
83 79 102 
102 79 80 
102 80 103 
103 80 99 
85 81 104 
104 81 82 
105 83 102 
104 82 106 
106 82 83 
106 83 105 
86 84 107 
107 84 85 
107 85 108 
108 85 104 
109 86 107 
110 86 109 
87 88 112 
90 87 112 
112 88 113 
88 114 113 
90 112 115 
89 90 116 
92 89 116 
116 90 115 
91 92 117 
94 91 117 
92 116 118 
117 92 118 
93 94 119 
96 93 119 
94 117 120 
119 94 120 
95 96 121 
97 95 121 
96 119 122 
121 96 122 
97 121 123 
98 97 123 
98 123 124 
98 124 101 
103 99 125 
125 99 100 
125 100 126 
126 100 101 
126 101 124 
105 102 127 
127 102 103 
127 103 128 
128 103 125 
129 105 127 
108 104 130 
130 104 106 
130 106 131 
131 106 105 
131 105 129 
108 130 132 
109 107 133 
133 107 108 
133 108 134 
108 132 134 
135 109 133 
111 110 136 
136 110 109 
136 109 135 
137 111 136 
138 111 137 
112 113 139 
115 112 139 
114 140 113 
140 139 113 
139 141 115 
116 115 142 
118 116 142 
142 115 141 
117 118 143 
120 117 143 
118 142 144 
143 118 144 
119 120 145 
122 119 145 
120 143 146 
145 120 146 
121 122 147 
123 121 147 
122 145 148 
147 122 148 
123 147 149 
124 123 149 
124 149 150 
151 126 124 
124 150 151 
128 125 152 
152 125 126 
152 126 151 
129 127 153 
153 127 128 
128 152 154 
153 128 154 
155 129 153 
131 129 156 
156 129 155 
132 130 157 
130 131 157 
157 131 158 
131 156 158 
132 157 159 
132 159 134 
135 133 160 
160 133 134 
160 134 159 
136 135 161 
135 160 161 
162 137 136 
161 162 136 
163 138 137 
162 163 137 
139 164 141 
140 165 139 
139 165 164 
141 164 166 
141 166 142 
166 167 142 
144 142 167 
167 168 144 
143 144 168 
146 143 168 
168 169 146 
145 146 170 
148 145 170 
170 146 169 
147 148 171 
149 147 171 
148 170 172 
171 148 172 
173 151 150 
149 171 174 
150 149 174 
150 174 175 
150 175 173 
154 152 176 
152 151 176 
176 151 173 
154 176 177 
155 153 178 
177 178 154 
154 178 153 
156 155 179 
155 178 179 
180 158 156 
179 180 156 
181 159 157 
180 181 158 
181 157 158 
182 160 159 
181 182 159 
183 161 160 
182 183 160 
184 162 161 
184 161 183 
185 163 162 
184 185 162 
164 186 166 
165 187 164 
164 187 186 
166 186 188 
166 188 167 
167 188 189 
167 189 168 
168 189 190 
168 190 169 
169 190 191 
169 191 170 
192 172 170 
170 191 192 
192 193 172 
171 172 193 
174 171 193 
194 173 175 
176 173 194 
175 174 195 
193 195 174 
195 196 175 
175 196 194 
197 177 176 
194 197 176 
198 178 177 
197 198 177 
199 179 178 
198 199 178 
200 180 179 
199 200 179 
201 181 180 
200 201 180 
202 182 181 
201 202 181 
203 183 182 
202 203 182 
204 184 183 
203 204 183 
205 185 184 
204 205 184 
186 206 188 
187 207 186 
186 207 206 
188 206 208 
188 208 189 
189 208 209 
189 209 190 
190 209 210 
190 210 191 
191 210 211 
191 211 192 
192 211 212 
192 212 193 
193 212 213 
193 213 195 
214 197 194 
214 194 196 
195 213 215 
195 215 196 
196 215 214 
216 198 197 
214 216 197 
217 199 198 
216 217 198 
218 200 199 
217 218 199 
219 201 200 
218 219 200 
220 202 201 
219 220 201 
221 203 202 
220 221 202 
222 204 203 
221 222 203 
223 205 204 
222 223 204 
206 224 208 
207 225 206 
206 225 224 
208 224 226 
208 226 209 
209 226 227 
209 227 210 
210 227 228 
210 228 211 
211 228 229 
211 229 212 
212 229 230 
212 230 213 
213 230 231 
213 231 215 
232 216 214 
215 231 232 
232 214 215 
233 217 216 
232 233 216 
234 218 217 
233 234 217 
235 219 218 
234 235 218 
236 220 219 
235 236 219 
237 221 220 
236 237 220 
238 222 221 
237 238 221 
239 223 222 
238 239 222 
224 240 226 
225 241 224 
224 241 240 
226 240 242 
226 242 227 
227 242 243 
227 243 228 
228 243 244 
228 244 229 
244 245 229 
229 245 230 
230 245 246 
230 246 231 
231 246 247 
231 247 232 
248 233 232 
248 232 247 
249 234 233 
248 249 233 
250 235 234 
249 250 234 
251 236 235 
250 251 235 
252 237 236 
251 252 236 
253 238 237 
252 253 237 
254 239 238 
253 254 238 
240 255 242 
241 256 240 
240 256 255 
242 255 257 
242 257 243 
243 257 258 
243 258 244 
244 258 259 
244 259 245 
245 259 260 
245 260 246 
246 260 261 
246 261 247 
248 247 261 
262 249 248 
261 262 248 
263 250 249 
262 263 249 
264 251 250 
263 264 250 
265 252 251 
264 265 251 
266 253 252 
265 266 252 
267 254 253 
266 267 253 
255 268 257 
256 269 255 
255 269 268 
257 268 270 
257 270 258 
258 270 271 
258 271 259 
259 271 272 
259 272 260 
260 272 273 
260 273 261 
274 262 261 
261 273 274 
275 263 262 
274 275 262 
276 264 263 
275 276 263 
277 265 264 
276 277 264 
278 266 265 
277 278 265 
279 267 266 
278 279 266 
268 280 270 
269 281 268 
268 281 280 
270 280 282 
270 282 271 
271 282 283 
271 283 272 
283 284 272 
272 284 273 
285 275 274 
273 284 285 
285 274 273 
286 276 275 
285 286 275 
287 277 276 
286 287 276 
288 278 277 
287 288 277 
289 279 278 
288 289 278 
280 290 282 
281 291 280 
280 291 290 
282 290 292 
282 292 283 
283 292 293 
283 293 284 
284 293 294 
284 294 285 
295 286 285 
295 285 294 
296 287 286 
295 296 286 
297 288 287 
296 297 287 
298 289 288 
297 298 288 
290 299 292 
291 300 290 
290 300 299 
292 299 301 
292 301 293 
293 301 302 
293 302 294 
294 302 295 
303 296 295 
303 295 302 
304 297 296 
303 304 296 
305 298 297 
304 305 297 
299 306 301 
300 307 299 
299 307 306 
301 306 308 
301 308 302 
309 303 302 
302 308 309 
310 304 303 
309 310 303 
311 305 304 
310 311 304 
306 312 308 
307 313 306 
306 313 312 
314 310 309 
308 312 314 
314 309 308 
315 311 310 
314 315 310 
312 316 314 
313 317 312 
312 317 316 
318 315 314 
318 314 316 
317 319 316 
319 318 316 