Nodes
483
10 0
8.5 0
9.94334800210137 1.062934856473654
9.774033898178667 2.113826236296244
9.493976084683812 3.140767120219489
9.106347728549132 4.132121857683783
8.615540813938059 5.076658003388403
8.027116379309636 5.963673585385017
7.347741508630671 6.783118362696162
6.585113790650383 7.525707698561388
5.747874102144065 8.183027759081693
4.845508703326496 8.747630845319616
3.888241754733201 9.213119778704131
2.886919473396205 9.574220383620057
1.852887240871136 9.826841245925211
0.7978610555308265 9.968120070307503
-0.2662052143777514 9.996456111234526
-1.327255272837225 9.911528310040071
-2.373266998711159 9.714298932647097
-3.392388661180314 9.40700266671033
-4.373073204588565 8.993121301712186
-5.304209081197435 8.477344278896702
-6.175246149461929 7.865515558026418
-6.976315211349858 7.164567402983141
-7.698339834299073 6.382441836448189
-8.333139190825158 5.528000653611922
-8.873520750565723 4.610925014493246
-9.31336177452339 3.641605752528209
-9.647678688145163 2.631025642275195
-9.872683547213448 1.590634960190708
-9.985826956767621 0.5322217484217697
-9.985826956767617 -0.5322217484218028
-9.872683547213445 -1.590634960190732
-9.647678688145158 -2.631025642275223
-9.313361774523381 -3.641605752528231
-8.87352075056571 -4.610925014493267
-8.333139190825145 -5.528000653611942
-7.698339834299063 -6.382441836448201
-6.976315211349851 -7.164567402983147
-6.175246149461927 -7.865515558026419
-5.304209081197434 -8.477344278896703
-4.373073204588556 -8.993121301712192
-3.392388661180305 -9.407002666710332
-2.37326699871116 -9.714298932647097
-1.327255272837223 -9.911528310040071
-0.2662052143777516 -9.996456111234526
0.7978610555308264 -9.968120070307503
1.852887240871138 -9.826841245925211
2.886919473396205 -9.574220383620057
3.888241754733201 -9.213119778704131
4.845508703326496 -8.747630845319616
5.747874102144062 -8.183027759081694
6.58511379065038 -7.525707698561391
7.347741508630673 -6.78311836269616
8.027116379309637 -5.963673585385014
8.615540813938061 -5.0766580033884
9.106347728549128 -4.13212185768379
9.49397608468381 -3.140767120219498
9.774033898178665 -2.113826236296253
9.94334800210137 -1.062934856473656
8.451845801786165 0.9034946280026076
8.307928813451866 1.79675230085181
8.069879671981241 2.669652052186569
7.740395569266759 3.51230357903122
7.323209691847348 4.315159302880147
6.823048922413186 5.06912254757727
6.245580282336064 5.765650608291746
5.597346722052819 6.396851543777186
4.885692986822446 6.955573595219446
4.118682397827514 7.435486218521678
3.305005491523211 7.831151811898517
2.453881552386762 8.138087326077052
1.574954154740455 8.352815059036431
0.6781818972011876 8.472902059761378
-0.2262744322211057 8.496987694549347
-1.128166981911658 8.424799063534058
-2.017276948904498 8.25715409275003
-2.883530362003282 7.995952266703774
-3.717112223900294 7.644153106455352
-4.508577719017836 7.205742637062188
-5.248959227042657 6.685688224322441
-5.929867929647393 6.089882292535656
-6.543588859154223 5.425075560980946
-7.083168312201397 4.698800555570115
-7.542492637980875 3.919286262319239
-7.916357508344891 3.095364889648953
-8.200526884923395 2.236371795933894
-8.391781015131436 1.352039716162068
-8.48795291325248 0.4523884861584742
-8.487952913252474 -0.4523884861585625
-8.391781015131421 -1.352039716162163
-8.200526884923374 -2.236371795933976
-7.916357508344862 -3.095364889649028
-7.542492637980835 -3.919286262319314
-7.083168312201354 -4.698800555570179
-6.543588859154172 -5.425075560981008
-5.929867929647338 -6.089882292535711
-5.248959227042596 -6.685688224322488
-4.508577719017767 -7.20574263706223
-3.717112223900232 -7.644153106455382
-2.883530362003217 -7.995952266703798
-2.017276948904442 -8.257154092750044
-1.128166981911602 -8.424799063534065
-0.2262744322210511 -8.496987694549349
0.6781818972012326 -8.472902059761374
1.574954154740505 -8.352815059036422
2.453881552386803 -8.13808732607704
3.305005491523249 -7.831151811898501
4.118682397827548 -7.435486218521659
4.885692986822472 -6.955573595219427
5.597346722052841 -6.396851543777166
6.245580282336082 -5.765650608291724
6.823048922413201 -5.069122547577249
7.323209691847356 -4.315159302880134
7.740395569266766 -3.512303579031208
8.069879671981242 -2.669652052186559
8.307928813451866 -1.796752300851808
8.451845801786167 -0.9034946280026002
9.110654237210174 -1.46786079697718
7.689940583538891 -5.101318434575493
9.22093429060687 -0.4910113900893233
8.194011513500888 -4.257334458731417
8.908548206310831 -2.429915684282705
9.221585940283562 0.4919110683523925
7.108363001185594 -5.893886393566027
9.11714005867556 1.469320655963647
8.909320327913854 2.430089477019191
8.585526462382109 -3.357015792022529
8.188612451569153 4.25502785740644
7.694574433386712 5.104923668964954
8.59685003230677 3.361404878789113
4.894800355907237 7.823015110883309
5.702569336127968 7.262742205499246
2.19008488770426 8.964494639071832
4.037696847598969 8.30444011019264
3.131383553493509 8.683178609401605
7.10891464997699 5.894315588136216
6.431211048295815 6.604731001160324
1.225148485838285 9.152362130321066
5.698605878367346 -7.25841077594368
-3.588125361118895 8.50199931440797
1.224810237004624 -9.146500742504033
-2.665357047184377 8.840961100916099
-6.780601443305232 6.259559091209636
6.439541963565252 -6.61327853801285
-7.950544859154979 -4.684812951640917
-1.710671442160095 9.074867876183154
4.897530373928612 -7.82821292590676
-7.412501762773506 5.506499704328211
0.2454115698732873 9.231435257562897
-4.474729080271504 8.077346162884165
-6.080359670042742 6.949528592631645
-3.588125361118844 -8.501999314407989
-9.019618923591555 1.950669224263115
-8.766596685023615 2.900604064504486
-8.409261982047497 3.816272614802782
-7.942347439399025 4.679964134187585
2.191904350687719 -8.970076738485753
-7.411973739711145 -5.507210424409013
4.038021849744395 -8.305058897695421
3.127329078745262 -8.671952489413481
-5.298680154505683 7.543527575637259
-0.7355269622724246 9.189345718850674
0.2453713021550299 -9.23073747329896
-2.665357047184327 -8.840961100916109
-9.228143689242064 -3.580358008792273e-14
-8.408982704482355 -3.815197406767254
-9.17756784758253 0.9810736545462762
-8.767531217296341 -2.900003466711222
-9.181638614373853 -0.9819540375831808
-1.710671442160052 -9.074867876183157
-0.735533673558775 -9.189229421473353
-9.010306661180596 -1.948671603142749
-4.474729080271449 -8.07734616288419
-6.785130859703261 -6.264313447609836
-5.308331936851735 -7.556535965732103
-6.070641885676118 -6.937750481868284
4.076822294236112 -6.560921893694773
-3.737209166229097 6.713156273991063
-6.637751294522773 -3.911256874243557
6.989215834702609 3.529411579873105
-2.249074009886364 -7.46208007124718
-7.530299903563495 1.628574820709123
7.595100171702743 -1.922498206900614
1.857541004547359 7.387302551251613
1.062458487878126 -7.634386819238137
-6.240587250753729 4.635621066430448
4.575325000988914 6.017737148008314
5.962194176103036 -5.014048223249076
-7.577397191308298 -1.786250741255361
-4.428388140247375 -6.304526236250633
7.711014218648784 0.3238824017999031
-0.6147035187427212 7.679831519525766
2.545843007133048 -7.295547051377947
-5.656315188913001 -5.368073454809687
-7.153553377217563 3.135989131076383
-0.6524839035711126 -7.684269758207276
7.410315337174926 2.038205300517849
-4.934104668291502 5.792207921802452
-7.710624110009387 0.07533981783009637
6.862709828563735 -3.536753505781756
5.931103607347179 4.91728406573887
-2.203605298577716 7.246040827904933
3.372019873294171 6.905170065695624
-7.087858130680732 -3.155123732829887
-6.216292360136391 -3.132005918422612
-5.738483687084428 -3.885023131313683
-5.311758087002699 -3.098347358018842
-4.825734673702535 -3.855720010412381
-4.405647595539041 -3.067952738603778
-4.88453072510757 -2.30174757504472
-3.97998491063582 -2.271959607869574
-3.50249451221468 -3.040758885475263
-3.07583568225808 -2.242816676399364
-3.553500089350786 -1.474396635387559
-2.649225691532056 -1.444980501582897
-2.171568011765963 -2.213414187287964
-1.744937350592134 -1.415532425743617
-2.222605122580204 -0.6471213482249872
-1.318309524642821 -0.6176570140058699
-0.8406420926792402 -1.386068849037987
-0.4140130579830235 -0.5881907278518093
-0.8916810958831223 0.1802197477323668
0.0126158064469998 0.2096870121416304
0.4902838241365405 -0.5587235082877682
0.916912761191544 0.2391543942770749
0.4392447070324066 1.007564832952926
1.394580811182235 -0.529256053741939
1.343541688000382 1.03703227387307
0.8658736321339869 1.805442708720649
1.770170617187547 1.834910158800339
1.292502561717631 2.60332059453646
0.3882055756689209 2.573853142225787
2.196799547518111 2.632788046290834
2.674467602549741 1.864377609572148
0.814834506144837 3.371731030041875
-0.08946247980435572 3.342263577954147
0.967951879337075 -1.327133944627695
1.872248865514466 -1.297666492028381
1.445619934574241 -2.095544381138624
2.349916920576389 -2.066076928721229
2.776545851379318 -1.268199040136728
1.923287989750092 -2.863954817329983
1.0189910037502 -2.893422269785682
3.25421390655671 -2.036609476529714
3.680842837356 -1.238731587982862
1.496659058939574 -3.661832705905909
0.5923620729346237 -3.691300158120247
0.3371664509533401 4.140141466402162
-0.5671305350488746 4.110674014195494
-0.9937594658519434 3.312796125646218
2.400956044941448 -3.632365253659283
-1.471427521059662 4.081206561969685
-1.898056451864159 3.283328673417191
3.101096533381042 2.662255498185244
3.578764588558164 1.893845061792737
2.623428478185149 3.430665934535663
-2.375724507065981 4.051739109753833
-2.802353437869556 3.253861221202906
1.070030128132105 -4.459710594411805
0.1657331421286537 -4.489178046626946
4.158510892552028 -2.007142024332144
4.585139823351992 -1.209264135787658
4.005393519362087 2.691722950344455
4.483061574558064 1.92331251399422
-2.324685382670601 2.485450784862459
-3.228982368673797 2.45598333265224
-1.044798590260066 4.879084450511606
-3.706650423873819 3.224393768991859
-4.133279354677052 2.426515880441733
-3.655611299476956 1.658105444102061
-4.559908285480215 1.628637991891707
0.6434011973287287 -5.257588482959669
-0.2608957886750336 -5.287055935169328
-0.7385638438755724 -4.518645498829343
1.54769818333239 -5.228121030748462
-1.16519277467885 -5.316523387378008
-1.642860949101205 -4.548112946830524
-2.069489780552909 -5.345990838886322
-4.082240230279633 0.8602275555517983
-4.986537216283285 0.8307601033416845
4.107471768152743 -0.4408536994452649
5.011768754155184 -0.4113862472377216
5.062807878553067 -1.977674572126675
4.636178947749966 -2.775552460676458
-5.464205271483848 1.599170539681569
-4.610947409877559 3.194926316781557
4.909690505361398 2.721190402544614
4.432022450160844 3.489600838884585
5.387358560561157 1.952779966202861
-4.184318479074401 3.992804205331507
-5.890834202286986 0.8012926511316008
-5.413166147086399 0.03288221479170094
-2.547158195277702 -4.577580323416768
-1.216232141427051 -3.750235121681177
-3.177943244275203 0.8896950077207939
3.152135657751109 1.095967173233956
1.241463436949495 4.169608918595238
0.7637953817491606 4.938019354935702
1.66809236775167 4.967486807143032
1.19042431255092 5.735897243482567
0.114694017345911 -2.922889722503121
0.2861273265471644 5.706429791272437
0.2166860320306806 -6.052820007881895
2.094721298554421 5.765364695692119
2.572389353754855 4.996954259351872
-2.973786813230487 -5.375458278375419
0.7141710272148466 6.460891231209795
-3.456543305574965 -4.610185137701635
-3.604572183019116 0.09181709931425534
4.960729629757968 1.154902077652711
5.865026615761585 1.184369529862547
5.306671447078421 3.479465182925641
5.533361302670555 -2.742280782914081
5.104566128551808 -3.519635596575033
4.208003204546574 -3.569375799153541
4.673997596087674 -4.311641589356227
3.780459871399861 -4.36559928006321
5.938755439870795 -1.93304855378067
-1.593048752575813 -6.076745764032154
-6.282266736234654 -0.01540491067170298
-5.833929616589158 -0.7681362159975458
-4.934522550463186 -0.7360567424186656
4.247020222682513 -5.100876572586584
3.352832104899281 -5.137567715867015
4.989857338866639 4.385811593339156
3.976222054609973 4.274400086206957
-0.2497029287027804 6.460061557997395
-5.058262726579267 3.92705023431126
-5.515244395881274 3.165458864571415
3.113765980188577 5.843696705277906
-6.422811114871727 1.575980788985013
6.306065721011849 1.978747502350229
6.772722734427304 1.237379386587872
6.305222660377113 0.4402222038037689
-6.674800059500424 -0.7903561950479844
-6.21690468477748 -1.541659722212589
-4.762172135695026 4.809208292234616
-3.772824419561921 4.750724019686207
4.380983325762311 5.055889163772007
-3.905022605875482 -5.431184513350281
-3.421043203108245 -6.166140745210648
0.237732159597698 7.252415301710693
-1.147205132831795 6.851999267087304
-6.754342017947556 -2.264621749705579
2.471396126188778 6.612483109860245
3.841885561258244 6.1745171782415
6.380042339265482 -2.72911256462797
-4.800019981468619 -5.389482082876396
-4.349762540321418 -4.618672275271691
-5.790993087785638 -2.311968668947475
-3.927501653396785 -3.833743094256702
-2.598192612258843 -3.011281127671654
-4.45764500789284 -1.503941852074731
-1.267270839504943 -2.183946155608384
-1.693899362265727 -2.98182270951008
-3.126896565934463 -0.6765762793579473
-1.795977743786203 0.150753054804439
-1.369349175525802 0.9486301293571382
-0.362974006844371 -2.154479189462139
0.06365491575783065 -1.356601342310058
-0.4650522424770414 0.9780974626428121
-0.9427203180446766 1.746507853302271
-1.847017307442755 1.717040393478739
-2.700273519644722 0.1212883323702517
-0.03842334272474075 1.775975281521075
4.534100698954872 0.3570241891027415
3.629803712951281 0.3275567368930344
1.82120974094345 0.2686218324721804
3.3045850264191 -3.601270550141416
5.432152349860986 0.3905354930260849
5.908779515878655 -0.3772009680283355
6.916740593530265 -0.2473669053863191
6.376693845587964 -1.114977897728459
7.217231294671508 -1.134663321587023
2.298877796352396 -0.499788603401735
2.87752588852187 -4.394283253410944
2.451235458993077 -5.192301770698059
2.935100908217152 -5.835585870975771
2.024919796300347 -5.935933122733281
1.120894238579879 -6.012811771008515
1.684997881466469 -6.829072400875109
2.827473641664892 -2.834216156544859
2.725506726982093 0.2980892847603057
1.974017460476744 -4.428102434805743
-0.687743599743067 -6.078216844464301
-1.102140485342034 -6.839445474896191
-0.2207189402826188 -6.875446066927773
-2.501298289615259 -6.089221366872454
-4.508706574531526 0.06226156152223628
4.056432643755242 1.1254346254449
2.247838671746599 1.066499721022142
5.483165904744212 -1.173221954199508
1.617053243353675 6.533775132031671
-6.942279715146892 0.6793034768408335
3.531370074109089 3.462864855194813
2.145760422957529 4.199076370814954
-5.037576340680714 2.397048428231555
1.719131492245458 3.40119848246917
-1.949095576263796 4.849616998301539
-1.520876946860803 5.598710226330167
-2.426186192209456 5.609729568339234
-1.881121640545576 6.307430005937424
-0.3119349535200321 -3.720767620519776
-2.855818800939988 4.812106889342281
3.731494269914878 -2.804027744563022
-0.1405016042526992 4.908551902729827
-3.280021493070665 4.022271657541507
3.054309453895863 4.231730536277699
5.805682272632347 2.709826359710086
3.203174782195638 -0.4703211515522082
-5.936895612311597 2.346588894318907
3.476686339758583 5.026421711561943
-0.6260087110979334 5.617583790185813
-3.441874561405867 5.640399317833457
-0.5160914045706039 2.544385702953641
-1.420388393656853 2.514918243828082
-2.273645884025028 0.9191633023407715
-2.751314247760722 1.687573044192844
0.5413229485800028 -2.125011834592953
-0.7896029682267577 -2.95235717535782
-4.030973828531986 -0.7061488080670685
-3.024827293028069 -3.809169518075464
-2.120528425559766 -3.779700291197611
-5.353087612102644 -1.527251796115954
-2.78756962033276 6.451521969464144
-4.177644344600925 5.963436125957895
-6.812947625390136 2.374149311846514
0.686118970140124 -6.837460445768668
6.675523943721905 2.770739343609429
5.993344441497438 -3.504769937632895
-2.93364237389156 -6.936288501190115
5.212528178874762 5.351583528741489
5.121931187485564 -5.030189257540177
4.754416924273682 -5.929822415822471
0.22121367985745 -7.666908807408762
-7.537170726226726 -0.8390151290077374
-6.140213212972438 -4.645830005718501
7.786937068337651 -0.5397405180969868
6.425023214960816 -4.272148771116183
-7.812587531420737 0.8375292635401191
-1.466091520192111 -7.632048762260109
-6.702485298636033 3.881256247923724
7.612097894380391 1.144529470110794
6.482042485155272 4.243140128334937
3.333049132716032 -7.002964014757475
0.9513900317794828 7.74503786557258
-5.704351291564177 5.27030796192093
-1.422191576193678 7.691964954160419
7.226091252384763 -2.700318734161488
1.86442701672099 -7.649981731320931
-3.050923144243021 7.201451876924215
2.691968809588056 7.37483897295661
5.546842790781056 -4.275405562578264
-5.25175488074374 -4.627133493400389
-5.888096191634873 3.868153187256378
-3.801752732033035 -6.851370245233803
3.829230041301467 -5.792437159150314
5.759582370105965 4.095902572555275
-6.334870416845246 3.12859927283222
-7.507296346640963 -2.507546581874766
6.146486557904056 3.46638496534037
6.788985723913875 -1.92243654646437
-5.530693919245415 4.502068148430727
5.527765264283579 -5.655655256481007
2.615452507763122 -6.541504056956144
-2.025812898977387 -6.686346093806788
-7.010581737961031 -0.138970729148455
4.202296243050876 6.729537633692483
-4.57352716879302 6.511155100837529
-5.234598213127445 -5.98495897627111
7.018760460793301 0.5674628029047204
1.129054483611238 7.050588776859475
0.2120571672484459 7.963105344976295
-7.555560831854754 2.500923299000046
-4.222972044706608 5.315025617072838
-1.086299523058416 6.15266481227345
7.41456555872846 2.909142071806363
-6.930050341897545 -1.436572942057712
3.357930976846777 -6.346682599106894
-0.4434698551698997 7.061076911580289
3.895391160892043 5.564499569577165
7.871808629989986 -1.259429795087806
Elements
905
118 120 117
112 124 119
129 136 65
152 164 100
133 138 72
93 166 145
121 127 114
119 121 113
120 123 1
76 146 142
85 155 154
67 137 132
141 157 105
71 135 133
77 142 140
128 129 64
123 125 60
68 132 131
84 156 155
116 122 118
131 134 69
80 161 151
115 127 122
139 144 110
158 174 95
140 150 78
88 167 165
63 130 128
81 151 143
143 148 82
169 172 90
108 159 147
134 135 70
126 130 62
103 171 163
153 167 87
111 144 124
170 171 102
157 160 106
138 149 73
92 168 166
149 162 74
145 158 94
109 147 139
107 160 159
125 126 61
150 161 79
98 175 173
136 137 66
174 176 96
99 173 152
148 156 83
75 162 146
104 163 141
165 169 89
97 176 175
164 170 101
86 154 153
91 172 168
116 118 117
113 121 114
104 141 105
92 166 93
112 119 113
94 158 95
114 127 115
117 120 1
1 123 60
64 129 65
111 124 112
109 139 110
75 146 76
70 135 71
81 143 82
99 152 100
108 147 109
66 137 67
68 131 69
82 148 83
67 132 68
77 140 78
63 128 64
69 134 70
107 159 108
60 125 61
72 138 73
71 133 72
80 151 81
61 126 62
79 161 80
62 130 63
65 136 66
86 153 87
89 169 90
105 157 106
76 142 77
84 155 85
106 160 107
78 150 79
115 122 116
110 144 111
93 145 94
73 149 74
97 175 98
101 170 102
100 164 101
83 156 84
85 154 86
91 168 92
90 172 91
102 171 103
88 165 89
98 173 99
74 162 75
87 167 88
96 176 97
103 163 104
95 174 96
44 170 43
41 173 40
40 175 39
42 152 41
36 145 35
37 158 36
28 154 27
39 176 38
53 144 52
38 174 37
30 167 29
55 119 54
43 164 42
46 163 45
47 141 46
49 160 48
31 165 30
33 172 32
34 168 33
59 118 58
32 169 31
45 171 44
29 153 28
48 157 47
51 147 50
52 139 51
16 149 15
17 162 16
35 166 34
10 132 9
14 133 13
21 150 20
23 151 22
56 121 55
57 127 56
58 122 57
25 148 24
24 143 23
11 131 10
20 140 19
9 137 8
15 138 14
18 146 17
27 155 26
50 159 49
19 142 18
26 156 25
8 136 7
12 134 11
2 123 0
6 128 5
54 124 53
4 126 3
13 135 12
0 120 59
3 125 2
22 161 21
5 130 4
7 129 6
42 164 152
37 174 158
32 172 169
173 175 40
36 158 145
175 176 39
38 176 174
145 166 35
154 155 27
44 171 170
29 167 153
56 127 121
47 157 141
165 167 30
48 160 157
152 173 41
153 154 28
52 144 139
43 170 164
163 171 45
155 156 26
141 163 46
159 160 49
14 138 133
166 168 34
119 124 54
20 150 140
31 169 165
24 148 143
132 137 9
140 142 19
55 121 119
4 130 126
7 136 129
168 172 33
147 159 50
142 146 18
16 162 149
133 135 13
151 161 22
122 127 57
139 147 51
59 120 118
15 149 138
143 151 23
131 132 10
21 161 150
128 130 5
124 144 53
25 156 148
2 125 123
118 122 58
11 134 131
0 123 120
12 135 134
146 162 17
6 129 128
3 126 125
8 137 136
201 432 325
325 458 201
182 394 331
67 432 66
202 402 343
198 447 337
178 426 414
414 425 178
202 425 402
343 448 202
100 431 99
447 463 337
332 333 197
330 346 203
203 345 330
202 451 425
394 440 199
199 467 394
184 393 345
331 427 182
372 438 191
387 435 428
449 462 347
190 341 340
191 471 372
187 432 67
66 432 201
197 429 332
110 434 109
182 440 394
386 466 441
345 452 184
183 462 449
181 431 100
441 466 181
429 461 409
109 434 177
337 475 198
437 454 206
325 432 339
193 465 381
344 478 189
381 450 193
428 435 185
340 348 190
189 460 344
431 456 99
187 481 339
333 443 197
339 432 187
381 428 185
180 461 429
332 429 409
194 454 437
196 435 387
344 350 336
436 478 335
335 467 436
411 427 331
411 459 427
433 453 316
308 351 349
196 387 386
192 448 343
445 479 465
205 350 344
308 349 340
349 351 208
190 456 341
374 438 372
185 450 381
340 349 348
210 424 350
343 476 327
350 424 336
210 350 207
427 459 195
351 422 212
308 422 351
209 351 212
321 424 322
322 424 353
214 421 353
336 424 321
353 421 322
214 353 211
293 423 422
355 420 354
294 423 277
293 422 308
294 420 355
216 355 354
352 355 216
213 352 216
355 423 294
389 421 309
422 423 352
277 423 293
309 421 356
218 364 356
322 421 389
356 364 309
218 356 215
221 360 224
224 360 237
220 360 221
354 359 220
217 354 220
301 419 359
359 419 360
237 419 239
364 417 295
354 420 359
309 364 295
357 417 364
357 364 218
219 357 218
359 360 220
365 415 362
360 419 237
417 418 295
363 416 265
362 416 363
363 418 417
361 365 362
226 361 223
415 416 362
226 365 361
223 361 222
373 392 318
250 416 415
371 392 373
232 365 229
229 365 226
282 392 371
310 370 311
366 370 310
310 390 366
366 390 367
282 371 370
367 390 296
311 370 334
296 383 367
232 415 365
296 391 383
230 391 234
303 380 272
234 391 296
228 391 230
275 379 377
383 391 368
368 391 228
272 380 275
225 368 228
377 384 275
383 410 367
105 185 104
275 380 379
241 375 238
375 410 383
369 382 251
259 384 246
370 371 334
98 190 97
251 376 369
87 182 86
275 384 259
238 375 227
376 384 377
246 384 251
376 377 324
103 196 102
341 388 306
317 376 324
83 186 82
345 393 304
114 200 113
251 384 376
304 393 300
329 411 397
371 372 334
241 410 375
242 382 240
107 193 106
240 382 244
382 405 244
273 385 303
292 389 280
291 394 320
60 191 1
66 201 65
85 195 84
112 188 111
290 407 338
297 299 298
380 381 379
62 197 61
79 178 78
279 309 295
322 389 292
325 339 326
369 405 382
77 202 76
89 199 88
260 273 272
276 385 273
260 272 259
284 315 314
340 341 306
269 270 266
271 280 279
279 389 309
284 314 313
329 397 286
385 387 303
308 340 306
373 374 372
239 240 238
246 251 242
251 382 242
256 408 396
264 390 310
268 407 290
306 388 278
284 313 283
328 329 286
315 316 314
320 335 321
64 180 63
262 392 282
264 289 287
279 295 270
278 388 319
290 338 337
320 321 292
313 347 318
317 323 316
239 242 240
258 266 265
272 275 259
260 274 273
283 392 262
268 269 266
273 303 272
313 318 283
318 392 283
287 312 288
311 334 333
326 412 408
237 238 227
248 249 236
249 250 236
237 239 238
240 241 238
249 252 250
252 399 257
395 408 256
261 284 283
288 395 263
267 400 399
268 290 286
271 285 280
278 319 276
319 385 276
280 389 279
290 328 286
297 396 299
297 398 396
300 307 302
335 336 321
377 378 324
101 181 100
231 235 232
235 248 236
244 245 241
243 247 246
243 301 247
244 405 261
249 406 267
252 253 250
258 265 253
255 390 264
396 398 256
287 288 263
268 286 269
285 291 280
291 292 280
284 405 315
312 325 288
311 332 289
291 320 292
293 308 306
299 300 298
317 324 323
319 386 385
377 379 378
400 402 401
94 179 93
230 231 229
233 398 231
231 398 235
234 254 233
235 297 248
240 244 241
243 246 242
244 261 245
252 257 253
255 264 263
261 283 262
274 276 273
277 278 276
285 331 291
310 311 289
400 401 399
68 187 67
70 203 69
91 189 90
230 234 233
254 256 233
234 296 255
235 398 297
247 259 246
297 298 248
263 395 254
296 390 255
258 268 266
269 271 270
277 293 278
293 306 278
282 370 366
326 395 288
290 337 328
331 394 291
299 304 300
300 393 307
307 342 327
371 373 372
81 198 80
96 194 95
231 232 229
235 236 232
239 243 242
262 281 245
281 410 245
301 403 247
260 403 274
261 405 284
267 413 400
271 279 270
274 277 276
321 322 292
300 302 298
299 396 305
305 330 304
408 412 305
311 333 332
315 405 369
369 376 317
339 412 326
386 387 385
401 404 399
72 184 71
228 230 229
230 233 231
256 398 233
255 263 254
254 395 256
264 310 289
274 294 277
299 305 304
330 345 304
375 383 368
228 229 226
227 375 368
234 255 254
249 267 252
267 399 252
257 258 253
262 282 281
264 287 263
282 366 281
366 367 281
289 409 287
307 327 302
315 317 316
109 177 108
116 183 115
247 260 259
298 406 248
258 407 268
286 397 269
274 403 294
397 411 285
332 409 289
396 408 305
261 262 245
269 397 271
367 410 281
325 326 288
245 410 241
247 403 260
248 406 249
305 412 330
315 369 317
399 404 257
285 411 331
287 409 312
326 408 395
338 407 404
75 192 74
224 237 227
302 406 298
257 407 258
401 414 404
406 413 267
404 414 338
225 228 226
227 368 225
271 397 285
362 363 358
404 407 257
327 413 302
302 413 406
224 227 225
225 226 223
361 362 358
222 361 358
224 225 223
236 415 232
250 415 236
221 224 223
222 358 357
253 416 250
363 417 358
222 357 219
221 223 222
265 418 363
265 416 253
358 417 357
266 418 265
295 418 270
270 418 266
221 222 219
220 221 219
217 220 219
217 219 218
359 420 301
239 419 243
301 420 403
216 354 217
217 218 215
243 419 301
403 420 294
216 217 215
215 356 214
213 216 215
356 421 214
213 215 214
212 352 213
213 214 211
212 422 352
352 423 355
212 213 211
211 353 210
209 212 211
353 424 210
209 211 210
209 210 207
208 351 209
208 209 207
206 208 207
207 350 205
401 425 414
402 425 401
442 459 455
206 207 205
430 453 439
188 453 433
380 428 381
387 428 303
348 454 194
347 430 200
349 454 348
189 478 436
205 344 204
179 206 205
303 428 380
445 465 193
343 480 192
327 480 343
346 481 187
430 439 200
336 478 344
313 430 347
195 459 442
198 475 426
436 467 199
179 437 206
402 476 343
314 430 313
434 457 177
316 453 314
386 441 196
323 434 433
110 464 434
333 471 443
378 457 324
341 431 388
374 462 183
179 205 204
373 462 374
347 462 318
323 457 434
342 472 446
330 481 346
206 454 208
323 433 316
426 475 414
381 465 379
319 466 386
394 467 320
200 449 347
412 481 330
372 471 334
307 472 342
400 476 402
327 476 413
414 475 338
203 452 345
312 458 325
93 204 92
95 437 94
103 435 196
90 436 89
179 204 93
73 446 72
112 439 188
108 445 107
194 437 95
65 444 64
102 441 101
185 435 104
72 446 184
101 441 181
191 438 1
87 440 182
195 442 84
189 436 90
177 445 108
1 438 117
60 443 191
107 445 193
64 444 180
84 442 83
199 440 88
196 441 102
197 443 61
201 444 65
186 447 82
94 437 179
200 439 113
104 435 103
202 448 76
82 447 81
61 443 60
83 442 186
81 447 198
89 436 199
113 439 112
88 440 87
75 448 192
76 448 75
183 449 115
114 449 200
444 461 180
184 472 393
193 450 106
105 450 185
115 449 114
77 451 202
178 451 78
439 453 188
425 451 178
342 473 192
106 450 105
328 455 329
70 452 203
184 452 71
458 461 444
78 451 77
98 456 190
465 479 378
443 471 191
181 466 431
431 466 388
71 452 70
91 460 189
341 456 431
187 468 346
346 468 203
183 482 374
426 469 198
178 469 426
208 454 349
188 464 111
348 470 190
194 470 348
344 460 204
68 468 187
203 468 69
198 469 80
79 469 178
96 470 194
190 470 97
192 473 74
446 473 342
85 474 195
182 474 86
116 482 183
180 477 63
62 477 197
328 463 455
99 456 98
427 474 182
195 474 427
324 457 323
192 480 342
429 477 180
197 477 429
314 453 430
337 463 328
455 463 186
329 459 411
434 464 433
92 460 91
409 461 312
433 464 188
318 462 373
204 460 92
374 482 438
455 459 329
442 455 186
342 480 327
111 464 110
379 465 378
388 466 319
73 473 446
438 482 117
320 467 335
69 468 68
378 479 457
80 469 79
97 470 96
334 471 333
393 472 307
74 473 73
86 474 85
201 458 444
338 475 337
413 476 400
63 477 62
335 478 336
446 472 184
339 481 412
117 482 116
312 461 458
186 463 447
177 479 445
457 479 177
