Nodes
320
-50 -50 
-50 -43.333333333333329 
-45.688265308772266 -45.49104114883901 
-43.333333333333456 -50 
-50 -36.666666666666657 
-36.666666666666785 -50 
-45.080989968823275 -39.969710319870238 
-40.027003241704584 -44.152162090991496 
-30.000000000000099 -50 
-50 -29.999999999999986 
-44.846959172618952 -33.448850821631325 
-33.144780158112788 -44.675561451312156 
-39.868967990319085 -36.786906365256073 
-35.128471171736265 -39.801151239203108 
-23.333333333333428 -50 
-26.539016764568203 -44.66668139119659 
-50 -23.333333333333304 
-44.665220101256836 -26.803834690751899 
-39.36412339192082 -30.225586112813605 
-29.606068284356144 -39.359239492827385 
-33.368018566845294 -33.655301320923634 
-50 -16.666666666666629 
-16.666666666666753 -50 
-10.000000000000078 -50 
-19.964729459149869 -44.588793129898995 
-23.215755516559671 -39.114642836226629 
-44.691916412144558 -20.096828978269969 
-39.367804547280215 -23.528117741156873 
-34.105998421332167 -26.936939048880713 
-26.384216627085628 -33.577072723791602 
-29.155986232090463 -28.926462907680349 
-50 -9.9999999999999503 
-44.66638487517227 -13.410119775919604 
-50 -3.3333333333332789 
-3.3333333333333997 -50 
3.3333333333332789 -50 
-13.34348030390394 -44.599111024596446 
-6.6846264715739681 -44.610827500414224 
-16.693595810737598 -39.153387451195094 
-20.106906153460578 -33.342682828450116 
-39.338199838987649 -16.8048461702315 
-34.018524773992254 -20.274745854706637 
-28.780681713657753 -23.448931876233789 
-23.510339686670555 -27.349883170211136 
-44.635547066008172 -6.7056100809579791 
-39.293067096511294 -10.101911578816541 
-50 3.3333333333333997 
-44.626897802470729 -0.015769101482044096 
9.9999999999999503 -50 
16.666666666666629 -50 
-0.01609859707538101 -44.618889620329639 
6.6515236462540104 -44.635533497652261 
-10.044619494655125 -39.222656513617522 
-3.3682182043351157 -39.220517299492052 
-13.484274345626442 -33.798884409647528 
-16.709890115744873 -28.271384345041049 
-33.948120447355826 -13.514368921484072 
-28.601362418592956 -16.892566671566225 
-23.291067426178472 -20.312819750410938 
-18.66009754963428 -23.282133952767289 
-39.26764574384481 -3.3929813360451511 
-33.904601508825181 -6.7968241275019539 
-50 10.000000000000078 
-44.606923354359687 6.6731810271306529 
-39.261115698624586 3.3255447440867445 
-50 16.666666666666753 
23.333333333333304 -50 
29.999999999999986 -50 
13.317243815996733 -44.663014685466919 
19.989363327418648 -44.700135822188919 
3.307663900071423 -39.245203940408608 
9.9717392009679795 -39.290309858374549 
-6.7351836672031373 -33.791417517477498 
-0.032382504892977705 -33.829725935874237 
-10.095959555534964 -28.293833683150059 
-13.122873304422214 -22.898860786310927 
-28.532967047225625 -10.215319126081582 
-23.06633355400594 -13.663157474136378 
-16.976723413683139 -17.20824726608253 
-33.884985328649343 -0.065471537421998183 
-28.563396080523749 -3.5785941779430925 
-44.564239157917989 13.380166813331462 
-39.190242062015294 10.01491222749959 
-33.90597032599824 6.6159469736957224 
-50 23.333333333333428 
-44.55781116711475 20.137941846599219 
-50 30.000000000000099 
36.666666666666657 -50 
43.333333333333329 -50 
26.663003375088262 -44.745259038522398 
33.315121162624386 -44.87585461558583 
16.631588835426729 -39.357723751887328 
23.328122101860664 -39.437055105678709 
6.6427596458958931 -33.879536038618994 
13.290824696819355 -33.965507372031517 
-3.3454581923286031 -28.362771119185911 
3.3567951716269131 -28.451383103515713 
-6.6260231154290032 -22.84649657661264 
-9.9721992606593979 -17.314770114460128 
-23.186023214041395 -7.0150783448987939 
-17.809857804314063 -10.334913685778183 
-12.837168135250721 -12.587163997829119 
-28.607644949002353 3.0884166454789468 
-23.264577671437383 -0.46801733463032003 
-39.039184654418541 16.746467298421198 
-28.721651189674379 9.9265275561150901 
-33.761904859986423 13.318539064595299 
-44.521681068905686 26.716665302892949 
-38.467745710664673 23.892387320934141 
-44.63208124965437 33.085302613667047 
-50 36.666666666666785 
-50 43.333333333333456 
39.922236606356385 -45.069478023945628 
45.474535289982938 -45.660326726282513 
50 -50 
36.626661388488088 -39.981864753815564 
30.012182505057627 -39.458527007949435 
19.904180441114473 -34.092716348344304 
26.584939222280866 -34.319393425419626 
9.9888714960548057 -28.513733307622775 
16.611067192441528 -28.659776060312051 
0.052389469055896296 -22.958646773464807 
6.8122298426762153 -23.158869537617495 
-3.4015580159786292 -17.297727213272125 
-6.872404285472399 -11.041366093826802 
-17.879077666081393 -3.8305897303894079 
-12.554655912124611 -7.0365228289979598 
-23.311062754102949 6.074092446703812 
-18.038516607122073 2.4572845106845222 
-23.121847812785138 12.095470423227317 
-33.572118197939496 19.788913435664892 
-27.941243207997388 16.885185638427163 
-33.292648696232298 24.722514675178061 
-39.47327636678294 30.052482155484245 
-35.160001227538757 28.137287354190477 
-39.815683390358117 35.101161094327622 
-43.991523783632125 39.981925609336251 
-45.430928977631304 45.684981713780083 
-50 50 
44.117106510225014 -39.898822274133479 
50 -43.333333333333456 
39.639277195432086 -35.047269207663163 
33.462777679006329 -33.42443017302196 
22.984799611106038 -28.817818893017282 
28.730886443329588 -29.247689016862921 
13.460730128796001 -23.121828779142827 
20.05480018177186 -23.438599589584456 
3.3909179128159126 -17.586489463682053 
10.127870551086374 -17.83973916395086 
0.13966639035609255 -12.029920151450716 
-2.158053882038236 -6.2787192047713649 
-7.4316377744843116 -3.7191214482331363 
-12.646850510997265 -0.80173713654216783 
-18.160956593566464 8.5730241242764453 
-12.968574446546981 5.1969346946887702 
-18.639673554733704 13.752283069484411 
-21.504898480547151 17.49530661947016 
-28.940590145485768 23.158111808270235 
-24.346213916687727 21.554841183403042 
-30.323275071810883 28.634610890399372 
-34.253181507073002 33.375429487224487 
-36.955790278487036 39.577989942298238 
-39.838612661736477 45.102627155148539 
-43.333333333333329 50 
44.585114220712796 -32.971914100216814 
50 -36.666666666666785 
39.129233872327013 -29.581678581904182 
33.500493408084779 -26.367569981094242 
27.182610579477142 -23.322120022748944 
23.065481790660161 -18.647750629689671 
16.988815341729595 -16.979294735971415 
6.7138350447400024 -12.219429166676962 
12.35006044510547 -12.732130376158507 
-3.3874135506067731 -1.4956823954918594 
3.9539286892223018 -7.0511126227647942 
1.0222068194261931 -2.1214679320697942 
-7.0307878952881495 2.3354856008451561 
-8.4559352465507445 7.8469268874600955 
-12.847828449860735 11.934078414374508 
-15.693230906472893 17.700847421723715 
-19.28718148460603 22.983211980555296 
-24.170963015915401 27.35502962796172 
-27.286257956483585 33.626165125855607 
-30.406551191093143 39.161314642795013 
-33.44767307975016 44.738843268082775 
-36.666666666666657 50 
44.547706805750558 -26.499695086803033 
50 -30.000000000000099 
39.040033924975546 -23.179192942625846 
33.449864634309186 -19.899961244639673 
28.040226240967876 -16.5746179183975 
22.684200236036414 -13.124431717984601 
17.176822724693302 -9.9113586626118479 
10.956259225923958 -6.6542788626046168 
-1.350777986557026 2.3060597100476845 
6.235029730285075 -1.7447855258497027 
2.9119489233881057 1.6020101295132032 
-3.554448920965259 7.2090851713736646 
-6.3121729467762364 12.447399340278372 
-9.6293276830727237 17.700334193813006 
-13.166578923116351 23.111950894317346 
-17.316436075217769 28.185283940612692 
-20.570483950999147 33.474530779426765 
-23.665752976662485 39.064065669287487 
-26.830651348102588 44.585394364021511 
-29.999999999999986 50 
44.528753101849411 -19.930397219736015 
50 -23.333333333333428 
39.036461618477212 -16.593992553417316 
33.576529987170851 -13.281195246828558 
28.151191727836533 -9.9648449682195022 
22.726424052140185 -6.6044891188224568 
17.264805217886618 -3.3377256681709313 
12.038389483561831 0.18851803134165196 
1.9338267047037263 6.3069276861157357 
7.0640795444642741 3.8558056850919811 
-0.21125860599927315 11.999153943090709 
-3.2720594403979404 17.529398186913177 
-6.7013608357147305 22.978443275772559 
-10.568117591566692 28.267674855618598 
-13.723768906961695 33.661687293352003 
-16.945464153544318 39.080508856421652 
-20.140256559951862 44.548526678171221 
-23.333333333333304 50 
44.536398545383712 -13.303492861431744 
50 -16.666666666666753 
39.080052644299279 -9.9665560187550284 
33.646922681535813 -6.640812455527473 
28.235904551539608 -3.3072062893766758 
22.845619854848632 0.01863259342881925 
17.53357833257531 3.3646470270768294 
12.218546112425731 6.6002682679751405 
6.7337163597943306 10.87390850909296 
3.3011287705243815 17.19495350281084 
-0.081779401392420945 22.850550558719153 
-3.5182972295792667 28.312486440463815 
-6.831107065961266 33.774269589165655 
-10.137120634281656 39.170603755389379 
-13.435401892409049 44.563638962903063 
-16.666666666666629 50 
44.554502722984488 -6.6545883112737867 
50 -10.000000000000078 
39.123542418616175 -3.3212484652346821 
33.713510636957146 0.008774014599712129 
28.333213618697865 3.3437488004305838 
23.002431351343205 6.693842862552823 
17.831677975385858 10.024346075333476 
12.654099083700398 12.223763897439044 
9.7923766762520987 17.235426618848056 
6.4772778313023762 22.722458820472628 
3.1884300640082475 28.269326941720891 
-0.11584854684873987 33.734653421786042 
-3.4250841944552164 39.168551145300533 
-6.7252083223103059 44.581905003919786 
-9.9999999999999503 50 
44.575786431007792 0.0019550700828880143 
50 -3.3333333333333997 
39.166880784589615 3.3319369152833356 
33.779203855030197 6.6555703072331651 
28.424275695265649 9.9951894692999375 
23.046300963015018 13.416633429256445 
16.947497363941096 17.021645068137332 
12.90169094724482 22.671530952799596 
9.8144927197573306 28.232411993797985 
6.6040875838528166 33.718720755367983 
3.2865319468556864 39.164433402144503 
-0.029838229304374259 44.584648160080654 
-3.3333333333332789 50 
44.586800452527449 6.6654303288984451 
50 3.3333333333332789 
39.198009323307261 9.9818890960596534 
33.843343234296526 13.277162254152907 
28.541631139585494 16.585020479228628 
23.3863872973116 20.08441810117812 
18.531648727526832 23.111772325341441 
16.393523475825315 28.298824130796358 
13.328855558787671 33.754823100314127 
9.9864420483929344 39.181983518063376 
6.6658676719724212 44.584444765727355 
3.3333333333333997 50 
44.608921113025787 13.317722844309509 
50 9.9999999999999503 
39.251325606606052 16.612360790438508 
33.931755113424089 19.862869229634786 
28.612115583091665 22.92602032279898 
23.279577209278365 27.207430595560638 
19.901239867662696 33.30321962003201 
16.573604728378584 39.041025928107963 
13.268111593648214 44.526843060403642 
10.000000000000078 50 
44.632077333913514 19.972745984162316 
50 16.666666666666629 
39.298434997978731 23.26200713607636 
34.043680118986089 26.514644395113336 
28.965618269169564 28.539447134193434 
26.202236534551886 33.410100922982778 
23.066566511165007 38.968858741590346 
19.888336589977111 44.507092953282417 
16.666666666666753 50 
44.639749478046021 26.642703600049114 
50 23.333333333333304 
39.293269645815137 29.966552147402613 
33.2122473111678 33.371175112054267 
29.411940116629008 39.045798483721562 
26.422172877867595 44.50595139814908 
23.333333333333428 50 
44.774874187510967 33.291639200339688 
50 29.999999999999986 
39.738084695444577 36.59619716611283 
34.830901797578321 39.525485534853246 
32.833650604562031 44.514179350702868 
30.000000000000099 50 
44.978133649638458 39.877732514463851 
50 36.666666666666657 
39.734679375764017 43.968898196156943 
36.666666666666785 50 
45.621163639111188 45.409660524173681 
50 43.333333333333329 
43.333333333333456 50 
50 50 
Elements
578
1 0 2 
0 3 2 
4 1 6 
6 1 2 
3 5 7 
3 7 2 
6 2 7 
9 4 10 
10 4 6 
5 8 11 
7 5 11 
10 6 12 
12 6 7 
7 11 13 
7 13 12 
8 14 15 
11 8 15 
16 9 17 
17 9 10 
17 10 18 
18 10 12 
11 15 19 
13 11 19 
18 12 20 
13 19 20 
20 12 13 
14 22 24 
15 14 24 
15 24 25 
19 15 25 
21 16 26 
26 16 17 
26 17 27 
27 17 18 
27 18 28 
28 18 20 
19 25 29 
19 29 20 
28 20 30 
30 20 29 
31 21 32 
32 21 26 
22 23 36 
24 22 36 
23 34 37 
36 23 37 
24 36 38 
25 24 38 
25 38 39 
29 25 39 
32 26 40 
40 26 27 
40 27 41 
41 27 28 
41 28 42 
42 28 30 
29 39 43 
29 43 30 
42 30 43 
33 31 44 
44 31 32 
44 32 45 
45 32 40 
46 33 47 
47 33 44 
34 35 50 
37 34 50 
35 48 51 
50 35 51 
36 37 52 
38 36 52 
37 50 53 
52 37 53 
38 52 54 
39 38 54 
39 54 55 
43 39 55 
45 40 56 
56 40 41 
56 41 57 
57 41 42 
57 42 58 
58 42 43 
43 55 59 
43 59 58 
47 44 60 
60 44 45 
60 45 61 
61 45 56 
62 46 63 
63 46 47 
63 47 64 
64 47 60 
48 49 68 
51 48 68 
49 66 69 
68 49 69 
50 51 70 
53 50 70 
51 68 71 
70 51 71 
52 53 72 
54 52 72 
53 70 73 
72 53 73 
54 72 74 
55 54 74 
55 74 75 
59 55 75 
61 56 76 
76 56 57 
76 57 77 
77 57 58 
77 58 78 
59 75 78 
78 58 59 
64 60 79 
79 60 61 
79 61 80 
80 61 76 
65 62 81 
81 62 63 
81 63 82 
82 63 64 
82 64 83 
83 64 79 
84 65 85 
85 65 81 
66 67 89 
69 66 89 
67 87 90 
89 67 90 
68 69 91 
71 68 91 
69 89 92 
91 69 92 
70 71 93 
73 70 93 
71 91 94 
93 71 94 
72 73 95 
74 72 95 
73 93 96 
95 73 96 
74 95 97 
75 74 97 
75 97 98 
78 75 98 
80 76 99 
99 76 77 
99 77 100 
100 77 78 
100 78 101 
98 101 78 
83 79 102 
102 79 80 
102 80 103 
103 80 99 
85 81 104 
104 81 82 
105 83 102 
104 82 106 
106 82 83 
106 83 105 
86 84 107 
107 84 85 
107 85 108 
108 85 104 
109 86 107 
110 86 109 
87 88 112 
90 87 112 
112 88 113 
88 114 113 
90 112 115 
89 90 116 
92 89 116 
116 90 115 
91 92 117 
94 91 117 
92 116 118 
117 92 118 
93 94 119 
96 93 119 
94 117 120 
119 94 120 
95 96 121 
97 95 121 
96 119 122 
121 96 122 
97 121 123 
98 97 123 
98 123 124 
98 124 101 
103 99 125 
125 99 100 
125 100 126 
126 100 101 
126 101 124 
105 102 127 
127 102 103 
127 103 128 
128 103 125 
129 105 127 
108 104 130 
130 104 106 
130 106 131 
131 106 105 
131 105 129 
108 130 132 
109 107 133 
133 107 108 
133 108 134 
108 132 134 
135 109 133 
111 110 136 
136 110 109 
136 109 135 
137 111 136 
138 111 137 
112 113 139 
115 112 139 
114 140 113 
140 139 113 
139 141 115 
116 115 142 
118 116 142 
142 115 141 
117 118 143 
120 117 143 
118 142 144 
143 118 144 
119 120 145 
122 119 145 
120 143 146 
145 120 146 
121 122 147 
123 121 147 
122 145 148 
147 122 148 
123 147 149 
124 123 149 
124 149 150 
151 126 124 
124 150 151 
128 125 152 
152 125 126 
152 126 151 
129 127 153 
153 127 128 
128 152 154 
153 128 154 
155 129 153 
131 129 156 
156 129 155 
132 130 157 
130 131 157 
157 131 158 
131 156 158 
132 157 159 
132 159 134 
135 133 160 
160 133 134 
160 134 159 
136 135 161 
135 160 161 
162 137 136 
161 162 136 
163 138 137 
162 163 137 
139 164 141 
140 165 139 
139 165 164 
141 164 166 
141 166 142 
166 167 142 
144 142 167 
167 168 144 
143 144 168 
146 143 168 
168 169 146 
145 146 170 
148 145 170 
170 146 169 
147 148 171 
149 147 171 
148 170 172 
171 148 172 
173 151 150 
149 171 174 
150 149 174 
150 174 175 
150 175 173 
154 152 176 
152 151 176 
176 151 173 
154 176 177 
155 153 178 
177 178 154 
154 178 153 
156 155 179 
155 178 179 
180 158 156 
179 180 156 
181 159 157 
180 181 158 
181 157 158 
182 160 159 
181 182 159 
183 161 160 
182 183 160 
184 162 161 
184 161 183 
185 163 162 
184 185 162 
164 186 166 
165 187 164 
164 187 186 
166 186 188 
166 188 167 
167 188 189 
167 189 168 
168 189 190 
168 190 169 
169 190 191 
169 191 170 
192 172 170 
170 191 192 
192 193 172 
171 172 193 
174 171 193 
194 173 175 
176 173 194 
175 174 195 
193 195 174 
195 196 175 
175 196 194 
197 177 176 
194 197 176 
198 178 177 
197 198 177 
199 179 178 
198 199 178 
200 180 179 
199 200 179 
201 181 180 
200 201 180 
202 182 181 
201 202 181 
203 183 182 
202 203 182 
204 184 183 
203 204 183 
205 185 184 
204 205 184 
186 206 188 
187 207 186 
186 207 206 
188 206 208 
188 208 189 
189 208 209 
189 209 190 
190 209 210 
190 210 191 
191 210 211 
191 211 192 
192 211 212 
192 212 193 
193 212 213 
193 213 195 
214 197 194 
214 194 196 
195 213 215 
195 215 196 
196 215 214 
216 198 197 
214 216 197 
217 199 198 
216 217 198 
218 200 199 
217 218 199 
219 201 200 
218 219 200 
220 202 201 
219 220 201 
221 203 202 
220 221 202 
222 204 203 
221 222 203 
223 205 204 
222 223 204 
206 224 208 
207 225 206 
206 225 224 
208 224 226 
208 226 209 
209 226 227 
209 227 210 
210 227 228 
210 228 211 
211 228 229 
211 229 212 
212 229 230 
212 230 213 
213 230 231 
213 231 215 
232 216 214 
215 231 232 
232 214 215 
233 217 216 
232 233 216 
234 218 217 
233 234 217 
235 219 218 
234 235 218 
236 220 219 
235 236 219 
237 221 220 
236 237 220 
238 222 221 
237 238 221 
239 223 222 
238 239 222 
224 240 226 
225 241 224 
224 241 240 
226 240 242 
226 242 227 
227 242 243 
227 243 228 
228 243 244 
228 244 229 
244 245 229 
229 245 230 
230 245 246 
230 246 231 
231 246 247 
231 247 232 
248 233 232 
248 232 247 
249 234 233 
248 249 233 
250 235 234 
249 250 234 
251 236 235 
250 251 235 
252 237 236 
251 252 236 
253 238 237 
252 253 237 
254 239 238 
253 254 238 
240 255 242 
241 256 240 
240 256 255 
242 255 257 
242 257 243 
243 257 258 
243 258 244 
244 258 259 
244 259 245 
245 259 260 
245 260 246 
246 260 261 
246 261 247 
248 247 261 
262 249 248 
261 262 248 
263 250 249 
262 263 249 
264 251 250 
263 264 250 
265 252 251 
264 265 251 
266 253 252 
265 266 252 
267 254 253 
266 267 253 
255 268 257 
256 269 255 
255 269 268 
257 268 270 
257 270 258 
258 270 271 
258 271 259 
259 271 272 
259 272 260 
260 272 273 
260 273 261 
274 262 261 
261 273 274 
275 263 262 
274 275 262 
276 264 263 
275 276 263 
277 265 264 
276 277 264 
278 266 265 
277 278 265 
279 267 266 
278 279 266 
268 280 270 
269 281 268 
268 281 280 
270 280 282 
270 282 271 
271 282 283 
271 283 272 
283 284 272 
272 284 273 
285 275 274 
273 284 285 
285 274 273 
286 276 275 
285 286 275 
287 277 276 
286 287 276 
288 278 277 
287 288 277 
289 279 278 
288 289 278 
280 290 282 
281 291 280 
280 291 290 
282 290 292 
282 292 283 
283 292 293 
283 293 284 
284 293 294 
284 294 285 
295 286 285 
295 285 294 
296 287 286 
295 296 286 
297 288 287 
296 297 287 
298 289 288 
297 298 288 
290 299 292 
291 300 290 
290 300 299 
292 299 301 
292 301 293 
293 301 302 
293 302 294 
294 302 295 
303 296 295 
303 295 302 
304 297 296 
303 304 296 
305 298 297 
304 305 297 
299 306 301 
300 307 299 
299 307 306 
301 306 308 
301 308 302 
309 303 302 
302 308 309 
310 304 303 
309 310 303 
311 305 304 
310 311 304 
306 312 308 
307 313 306 
306 313 312 
314 310 309 
308 312 314 
314 309 308 
315 311 310 
314 315 310 
312 316 314 
313 317 312 
312 317 316 
318 315 314 
318 314 316 
317 319 316 
319 318 316 