Nodes
320
-0.050000000000000003 0 
-0.050000000000000003 0.06666666666666668 
-0.0068959944100905916 0.045098478941643573 
0.01666666666666531 0 
-0.050000000000000003 0.13333333333333336 
0.083333333333332094 0 
-0.00084982530140877025 0.10040941769627977 
0.049764668812558532 0.058525256882154486 
0.14999999999999883 0 
-0.050000000000000003 0.20000000000000004 
0.0015423074429735905 0.16605854056576716 
0.1192263834745084 0.053393173840496508 
0.051168894738672144 0.13218445951263785 
0.098073035669821368 0.10222366644187939 
0.21666666666666556 0 
0.18469736237745302 0.053939643101308991 
-0.050000000000000003 0.26666666666666672 
0.0028265698419654276 0.23242048474692309 
0.05610820537861274 0.19800354810542889 
0.15378319444596175 0.1072946193193685 
0.11590194431967724 0.16340015003051372 
-0.050000000000000003 0.33333333333333337 
0.28333333333333238 0 
0.34999999999999915 0 
0.25053009373501839 0.054277347193026536 
0.2179907189939935 0.10870084753366137 
0.0031185813091338548 0.29903066864991129 
0.056177683631109303 0.26476115891820395 
0.10897326366378607 0.23054868831432651 
0.18554974692646678 0.16340618845138946 
0.15765726941441974 0.21013988006856535 
-0.050000000000000003 0.40000000000000002 
0.0033812768594764344 0.36588319894415022 
-0.050000000000000003 0.46666666666666667 
0.41666666666666585 0 
0.48333333333333267 0 
0.31682495257283072 0.054242198234734439 
0.3833568270543562 0.054085283867697377 
0.28367187334010491 0.10879506284795193 
0.25018279762683671 0.16525860193454456 
0.05659817197683728 0.33173666911600386 
0.10944855999591677 0.29694933650944533 
0.16173550461660108 0.26565082192583983 
0.21561722633776531 0.22601118539291518 
0.0035132000499661867 0.43282577903962749 
0.057022018248108736 0.39886913896319659 
-0.050000000000000003 0.53333333333333333 
0.0035068207577113541 0.49969037780982473 
0.54999999999999938 0 
0.61666666666666614 0 
0.44995744785382263 0.053891552280951556 
0.51660587610315678 0.053653679977628682 
0.35005729320911538 0.10829683567670947 
0.41663904493757897 0.10800095919581704 
0.31666320409290494 0.16256591096639028 
0.2838258756100549 0.21843385476919053 
0.11044091181727862 0.36492651271111587 
0.1636405580977732 0.33184498715503657 
0.2150858971949822 0.2984968134085817 
0.26344977388775048 0.26810514008769992 
0.056981010823765332 0.46589815431369291 
0.11053779314559647 0.43200114906935116 
-0.050000000000000003 0.59999999999999998 
0.0035906743061036674 0.56651727022009857 
0.056860413541606585 0.53278183906210153 
-0.050000000000000003 0.66666666666666663 
0.68333333333333302 0 
0.74999999999999967 0 
0.58334236991279464 0.053447183364146583 
0.65005884653644475 0.052852201266267274 
0.48323004980799222 0.10755459395895088 
0.5498686050628443 0.10698690911501606 
0.38336896420575828 0.16236472994663417 
0.44995560148541996 0.16176496408313526 
0.35029061879194079 0.2168721356014254 
0.31879607458249742 0.27179786309291531 
0.16426275506860874 0.39794113079584226 
0.21878024750430039 0.36357672501637656 
0.28033554239131858 0.32863423027643929 
0.11013623370640679 0.49889107098543484 
0.16366717974003167 0.46444573582101806 
0.004051297423397898 0.63347233518766022 
0.057172261971879357 0.59954419685229732 
0.10975403807006467 0.56612215931001186 
-0.050000000000000003 0.73333333333333328 
0.0043645403949076345 0.7010842734486139 
-0.050000000000000003 0.79999999999999993 
0.81666666666666643 0 
0.88333333333333319 0 
0.71679558162185808 0.052327950331040853 
0.78316517746487635 0.051171719022207331 
0.61654324661958815 0.10625796518434123 
0.68364246387391037 0.10518212535132493 
0.51651216799833422 0.16100292028666699 
0.58301365855349607 0.16012876458743788 
0.41681811895256998 0.2163870490201347 
0.48323171856834024 0.21528435741670837 
0.38391980828974298 0.27159197048271527 
0.35095482852417664 0.32714984734002112 
0.21752504613585108 0.43001116695548669 
0.27149732864227788 0.39638916419727638 
0.32158373269849372 0.37454939963012512 
0.16301244819165511 0.53209143564057815 
0.21652804907111825 0.49573746936343871 
0.059180307867496736 0.6670216039382848 
0.16243122148303318 0.59865265925998901 
0.1121610838128413 0.6330109101453637 
0.0045610157063907279 0.76703698052705438 
0.065621862672901654 0.73868380867311323 
0.0020844775747365096 0.82933608790008051 
-0.050000000000000003 0.86666666666666659 
-0.050000000000000003 0.93333333333333324 
0.84918910032350825 0.049153899399308636 
0.90473534454168392 0.043235979367918176 
0.94999999999999996 0 
0.81609524049210336 0.10016234759138004 
0.75024447568512143 0.10538611681151445 
0.649347307788538 0.15896883934880848 
0.71648841127554208 0.15758957017939251 
0.54978714652241178 0.21431616448570717 
0.61602347732925999 0.21323978910408742 
0.45014200237421792 0.27044413659018979 
0.51708075891244176 0.26852644045152863 
0.41625962231902991 0.32658737609276156 
0.38096746014964011 0.39105933064331466 
0.27041471678876966 0.46197677653896801 
0.32416350378505537 0.42951442569357406 
0.21533213756315042 0.56065139688043275 
0.2685949830059749 0.52463849961909559 
0.21900998511613248 0.62114793099857746 
0.114161385960396 0.69771691843755779 
0.17026728752417775 0.66900792307404233 
0.11712842090032309 0.74704419147363432 
0.055141003336349047 0.79986298895643781 
0.098424225813358385 0.78112664514020103 
0.052447721127613423 0.84901630884972568 
0.010471358032651368 0.89959137441990611 
-0.004178796688924508 0.95696237402001372 
-0.050000000000000003 1 
0.89115428905157812 0.10035933077361536 
0.94999999999999996 0.066666666666666874 
0.84638067932544381 0.14932170437417552 
0.7847039086187515 0.16583324433472188 
0.68019158750995579 0.21191213616716409 
0.73739281864735118 0.2079047525532875 
0.58406102901524903 0.2682368405748029 
0.65085957914246562 0.26598350526718906 
0.48405625504380634 0.32410916956605301 
0.55063194162903284 0.32016524937174429 
0.45269221767490747 0.38098202631100347 
0.42726012125572554 0.43776123652015186 
0.37374785258575449 0.46122874919657869 
0.32266851999044499 0.49221964746056412 
0.2676350041104571 0.58598879404852056 
0.32041906395324593 0.55353461882681909 
0.26383313974270844 0.63754344067083357 
0.23456112027326803 0.6750433720576462 
0.16046642558722454 0.73140502383656292 
0.20621651361469481 0.71566933271454947 
0.14694223615370994 0.78626822788926676 
0.10717841708027492 0.83366914946686665 
0.080499146626754947 0.89537991953102092 
0.051967991856059437 0.95188716234682913 
0.016666666666666656 1 
0.89593325854759576 0.17020993186138092 
0.94999999999999996 0.13333333333333353 
0.84126885614942992 0.20414776439383639 
0.78498293932712992 0.23626670242697589 
0.72182861182344504 0.26705637804040605 
0.68035942069924749 0.31341528052133033 
0.62148947546110511 0.33026635279162886 
0.51753098735320779 0.37794978857909023 
0.57392868096495098 0.37301589323834161 
0.41533396226283753 0.48498773244785437 
0.48969647369821001 0.42936168220841819 
0.46082552176519248 0.47899088139498125 
0.37830901233976633 0.52352296568106049 
0.36457618471215125 0.57841381344937703 
0.32135288180220978 0.61936397146739597 
0.29297858361272061 0.67709971675252711 
0.25544054166951041 0.72970610018904825 
0.20808270937004542 0.77272354943032628 
0.17724373160405366 0.83584302500149921 
0.14580165602262474 0.89137575814972225 
0.1151277356413058 0.94673976395307635 
0.083333333333333315 1 
0.89542416307215067 0.23495651999110212 
0.94999999999999996 0.20000000000000018 
0.84018818800550787 0.26829848337466228 
0.78374457940710929 0.30033032010246719 
0.73038211318334079 0.33434273711677998 
0.67713111920861235 0.36948626910669369 
0.62244429782233213 0.40116674130462315 
0.56041658762944402 0.4334727179564718 
0.43652726382639068 0.5234348479731622 
0.51293172064030668 0.48231713613620014 
0.47984897423540551 0.51615704461651934 
0.41445238585015254 0.57242162627500626 
0.38685494413276761 0.62446119288787005 
0.35365818257609394 0.67674784148767075 
0.31775294971790186 0.72976127905968513 
0.2765960170162558 0.78252647803943243 
0.24340264706837558 0.83543597451108886 
0.21316243560129006 0.89085744355041874 
0.18159839644606626 0.94576525720149573 
0.14999999999999999 1 
0.89515462026193293 0.30041623332597578 
0.94999999999999996 0.26666666666666683 
0.84024162823401627 0.33379107971561961 
0.78568092996108918 0.36680886988548334 
0.73163096965576868 0.40094245848009419 
0.67750721961755034 0.43428240909046417 
0.62301600971995452 0.46650413252329004 
0.57028038575835327 0.50141318588902561 
0.47039372650498956 0.56452883742355109 
0.52081004176163215 0.53787412778068089 
0.44793611152715229 0.62006525572908977 
0.41724147935656974 0.67515285439029871 
0.3829357264843406 0.72911981827028016 
0.34490864694848966 0.78336771961915219 
0.31243736420971008 0.83698799625683495 
0.28036025539761072 0.89115285537418643 
0.24871827332331473 0.94562636068038219 
0.21666666666666667 1 
0.89530891232694854 0.36685691980153362 
0.94999999999999996 0.33333333333333348 
0.84083359260733248 0.40019664413964762 
0.78658878637855167 0.43363595365401153 
0.7325218126861297 0.46720328171247844 
0.6787029616018686 0.50041339696648901 
0.62549930769139395 0.53363580745374239 
0.5723017530353629 0.5660201188351377 
0.51726752234735796 0.60852204456021086 
0.48302516538906903 0.67206065186998898 
0.44903874602999477 0.7284623660968923 
0.414648553470012 0.7831257036934286 
0.38103296622624078 0.8376261650901603 
0.34832365260128823 0.89181878490699018 
0.31610371567534368 0.9461824859027782 
0.28333333333333344 1 
0.89553705999402211 0.43342909438453608 
0.94999999999999996 0.40000000000000013 
0.84127576099909651 0.46682728410640822 
0.78723778632256369 0.50025933938354239 
0.73348503820888633 0.53369981830788682 
0.68019552948811912 0.56715927107064268 
0.62849920654470537 0.60030473943786922 
0.57672977659043456 0.62234842441817795 
0.54798695405635556 0.6725861866252878 
0.5149509814031108 0.72733663732256526 
0.48145669660905532 0.78275131500477579 
0.4485266636665774 0.83740877012168069 
0.41560224012217989 0.8918247555844897 
0.38283553988418628 0.9460915739132163 
0.35000000000000014 1 
0.89576293303570975 0.50004868879167219 
0.94999999999999996 0.46666666666666679 
0.84169699260691733 0.5334182627921924 
0.78789315165275331 0.56679565371337881 
0.7343724752526023 0.60037597851162239 
0.68061643558771179 0.63452722099805159 
0.62001443912343057 0.6705709059846976 
0.58079152834774006 0.72699930456284956 
0.54835721724140385 0.78241216960512183 
0.5157533435977143 0.8373642097667493 
0.48269435226042329 0.89175604899690175 
0.44962057039552422 0.94593268554688092 
0.4166666666666668 1 
0.89593302585186041 0.56667972014649159 
0.94999999999999996 0.53333333333333344 
0.84209999316231843 0.59991691483712029 
0.78847992212329343 0.63311228565245892 
0.73541604117613568 0.66633878545822778 
0.68446296931758055 0.70097748009757366 
0.6358334801093749 0.73109651030519052 
0.6141269451224719 0.78304959239592364 
0.58328455331509788 0.8377071515982536 
0.54983707194837905 0.89191656079091586 
0.51659129010635552 0.94592373478667824 
0.4833333333333335 1 
0.89612397589180715 0.63322917722919003 
0.94999999999999996 0.60000000000000009 
0.84251452729958354 0.66627965943993772 
0.78918716695215707 0.69886239599488997 
0.73537727782346796 0.73017735149477025 
0.68296769347908548 0.77223080967654312 
0.64908024123614749 0.83312923668964722 
0.61571605710971478 0.89050803059244477 
0.58265408492107895 0.94532615758755056 
0.55000000000000027 1 
0.89642955311967609 0.69973376913704755 
0.94999999999999996 0.66666666666666674 
0.84329436599136409 0.7325392250626469 
0.7917240864940811 0.7644761121032051 
0.73978396620736542 0.78555166750740857 
0.71223454480670034 0.83430116892640571 
0.68066109323185631 0.88983488830101687 
0.64872385156811252 0.94506480688688221 
0.61666666666666703 1 
0.89664483913435367 0.7663543827878817 
0.94999999999999996 0.73333333333333339 
0.84326602294833408 0.79952903091291916 
0.78271318669026435 0.83458375821182362 
0.74401096178788906 0.8908503990171005 
0.7142010030991045 0.94515569968431767 
0.68333333333333379 1 
0.89785974070966657 0.83290801139908355 
0.94999999999999996 0.80000000000000004 
0.84743287013450908 0.86606082412696361 
0.79852805902199986 0.89538818915504248 
0.77847737997261623 0.94518417584508574 
0.75000000000000056 1 
0.89981465998318522 0.89883728566051613 
0.94999999999999996 0.8666666666666667 
0.84745989319212933 0.93971101331096263 
0.81666666666666732 1 
0.90613545586280697 0.95434386512608693 
0.94999999999999996 0.93333333333333335 
0.88333333333333408 1 
0.94999999999999996 1 
Elements
578
1 0 2 
0 3 2 
4 1 6 
6 1 2 
3 5 7 
3 7 2 
6 2 7 
9 4 10 
10 4 6 
5 8 11 
7 5 11 
10 6 12 
12 6 7 
7 11 13 
7 13 12 
8 14 15 
11 8 15 
16 9 17 
17 9 10 
17 10 18 
18 10 12 
11 15 19 
13 11 19 
18 12 20 
13 19 20 
20 12 13 
14 22 24 
15 14 24 
15 24 25 
19 15 25 
21 16 26 
26 16 17 
26 17 27 
27 17 18 
27 18 28 
28 18 20 
19 25 29 
19 29 20 
28 20 30 
30 20 29 
31 21 32 
32 21 26 
22 23 36 
24 22 36 
23 34 37 
36 23 37 
24 36 38 
25 24 38 
25 38 39 
29 25 39 
32 26 40 
40 26 27 
40 27 41 
41 27 28 
41 28 42 
42 28 30 
29 39 43 
29 43 30 
42 30 43 
33 31 44 
44 31 32 
44 32 45 
45 32 40 
46 33 47 
47 33 44 
34 35 50 
37 34 50 
35 48 51 
50 35 51 
36 37 52 
38 36 52 
37 50 53 
52 37 53 
38 52 54 
39 38 54 
39 54 55 
43 39 55 
45 40 56 
56 40 41 
56 41 57 
57 41 42 
57 42 58 
58 42 43 
43 55 59 
43 59 58 
47 44 60 
60 44 45 
60 45 61 
61 45 56 
62 46 63 
63 46 47 
63 47 64 
64 47 60 
48 49 68 
51 48 68 
49 66 69 
68 49 69 
50 51 70 
53 50 70 
51 68 71 
70 51 71 
52 53 72 
54 52 72 
53 70 73 
72 53 73 
54 72 74 
55 54 74 
55 74 75 
59 55 75 
61 56 76 
76 56 57 
76 57 77 
77 57 58 
77 58 78 
59 75 78 
78 58 59 
64 60 79 
79 60 61 
79 61 80 
80 61 76 
65 62 81 
81 62 63 
81 63 82 
82 63 64 
82 64 83 
83 64 79 
84 65 85 
85 65 81 
66 67 89 
69 66 89 
67 87 90 
89 67 90 
68 69 91 
71 68 91 
69 89 92 
91 69 92 
70 71 93 
73 70 93 
71 91 94 
93 71 94 
72 73 95 
74 72 95 
73 93 96 
95 73 96 
74 95 97 
75 74 97 
75 97 98 
78 75 98 
80 76 99 
99 76 77 
99 77 100 
100 77 78 
100 78 101 
98 101 78 
83 79 102 
102 79 80 
102 80 103 
103 80 99 
85 81 104 
104 81 82 
105 83 102 
104 82 106 
106 82 83 
106 83 105 
86 84 107 
107 84 85 
107 85 108 
108 85 104 
109 86 107 
110 86 109 
87 88 112 
90 87 112 
112 88 113 
88 114 113 
90 112 115 
89 90 116 
92 89 116 
116 90 115 
91 92 117 
94 91 117 
92 116 118 
117 92 118 
93 94 119 
96 93 119 
94 117 120 
119 94 120 
95 96 121 
97 95 121 
96 119 122 
121 96 122 
97 121 123 
98 97 123 
98 123 124 
98 124 101 
103 99 125 
125 99 100 
125 100 126 
126 100 101 
126 101 124 
105 102 127 
127 102 103 
127 103 128 
128 103 125 
129 105 127 
108 104 130 
130 104 106 
130 106 131 
131 106 105 
131 105 129 
108 130 132 
109 107 133 
133 107 108 
133 108 134 
108 132 134 
135 109 133 
111 110 136 
136 110 109 
136 109 135 
137 111 136 
138 111 137 
112 113 139 
115 112 139 
114 140 113 
140 139 113 
139 141 115 
116 115 142 
118 116 142 
142 115 141 
117 118 143 
120 117 143 
118 142 144 
143 118 144 
119 120 145 
122 119 145 
120 143 146 
145 120 146 
121 122 147 
123 121 147 
122 145 148 
147 122 148 
123 147 149 
124 123 149 
124 149 150 
151 126 124 
124 150 151 
128 125 152 
152 125 126 
152 126 151 
129 127 153 
153 127 128 
128 152 154 
153 128 154 
155 129 153 
131 129 156 
156 129 155 
132 130 157 
130 131 157 
157 131 158 
131 156 158 
132 157 159 
132 159 134 
135 133 160 
160 133 134 
160 134 159 
136 135 161 
135 160 161 
162 137 136 
161 162 136 
163 138 137 
162 163 137 
139 164 141 
140 165 139 
139 165 164 
141 164 166 
141 166 142 
166 167 142 
144 142 167 
167 168 144 
143 144 168 
146 143 168 
168 169 146 
145 146 170 
148 145 170 
170 146 169 
147 148 171 
149 147 171 
148 170 172 
171 148 172 
173 151 150 
149 171 174 
150 149 174 
150 174 175 
150 175 173 
154 152 176 
152 151 176 
176 151 173 
154 176 177 
155 153 178 
177 178 154 
154 178 153 
156 155 179 
155 178 179 
180 158 156 
179 180 156 
181 159 157 
180 181 158 
181 157 158 
182 160 159 
181 182 159 
183 161 160 
182 183 160 
184 162 161 
184 161 183 
185 163 162 
184 185 162 
164 186 166 
165 187 164 
164 187 186 
166 186 188 
166 188 167 
167 188 189 
167 189 168 
168 189 190 
168 190 169 
169 190 191 
169 191 170 
192 172 170 
170 191 192 
192 193 172 
171 172 193 
174 171 193 
194 173 175 
176 173 194 
175 174 195 
193 195 174 
195 196 175 
175 196 194 
197 177 176 
194 197 176 
198 178 177 
197 198 177 
199 179 178 
198 199 178 
200 180 179 
199 200 179 
201 181 180 
200 201 180 
202 182 181 
201 202 181 
203 183 182 
202 203 182 
204 184 183 
203 204 183 
205 185 184 
204 205 184 
186 206 188 
187 207 186 
186 207 206 
188 206 208 
188 208 189 
189 208 209 
189 209 190 
190 209 210 
190 210 191 
191 210 211 
191 211 192 
192 211 212 
192 212 193 
193 212 213 
193 213 195 
214 197 194 
214 194 196 
195 213 215 
195 215 196 
196 215 214 
216 198 197 
214 216 197 
217 199 198 
216 217 198 
218 200 199 
217 218 199 
219 201 200 
218 219 200 
220 202 201 
219 220 201 
221 203 202 
220 221 202 
222 204 203 
221 222 203 
223 205 204 
222 223 204 
206 224 208 
207 225 206 
206 225 224 
208 224 226 
208 226 209 
209 226 227 
209 227 210 
210 227 228 
210 228 211 
211 228 229 
211 229 212 
212 229 230 
212 230 213 
213 230 231 
213 231 215 
232 216 214 
215 231 232 
232 214 215 
233 217 216 
232 233 216 
234 218 217 
233 234 217 
235 219 218 
234 235 218 
236 220 219 
235 236 219 
237 221 220 
236 237 220 
238 222 221 
237 238 221 
239 223 222 
238 239 222 
224 240 226 
225 241 224 
224 241 240 
226 240 242 
226 242 227 
227 242 243 
227 243 228 
228 243 244 
228 244 229 
244 245 229 
229 245 230 
230 245 246 
230 246 231 
231 246 247 
231 247 232 
248 233 232 
248 232 247 
249 234 233 
248 249 233 
250 235 234 
249 250 234 
251 236 235 
250 251 235 
252 237 236 
251 252 236 
253 238 237 
252 253 237 
254 239 238 
253 254 238 
240 255 242 
241 256 240 
240 256 255 
242 255 257 
242 257 243 
243 257 258 
243 258 244 
244 258 259 
244 259 245 
245 259 260 
245 260 246 
246 260 261 
246 261 247 
248 247 261 
262 249 248 
261 262 248 
263 250 249 
262 263 249 
264 251 250 
263 264 250 
265 252 251 
264 265 251 
266 253 252 
265 266 252 
267 254 253 
266 267 253 
255 268 257 
256 269 255 
255 269 268 
257 268 270 
257 270 258 
258 270 271 
258 271 259 
259 271 272 
259 272 260 
260 272 273 
260 273 261 
274 262 261 
261 273 274 
275 263 262 
274 275 262 
276 264 263 
275 276 263 
277 265 264 
276 277 264 
278 266 265 
277 278 265 
279 267 266 
278 279 266 
268 280 270 
269 281 268 
268 281 280 
270 280 282 
270 282 271 
271 282 283 
271 283 272 
283 284 272 
272 284 273 
285 275 274 
273 284 285 
285 274 273 
286 276 275 
285 286 275 
287 277 276 
286 287 276 
288 278 277 
287 288 277 
289 279 278 
288 289 278 
280 290 282 
281 291 280 
280 291 290 
282 290 292 
282 292 283 
283 292 293 
283 293 284 
284 293 294 
284 294 285 
295 286 285 
295 285 294 
296 287 286 
295 296 286 
297 288 287 
296 297 287 
298 289 288 
297 298 288 
290 299 292 
291 300 290 
290 300 299 
292 299 301 
292 301 293 
293 301 302 
293 302 294 
294 302 295 
303 296 295 
303 295 302 
304 297 296 
303 304 296 
305 298 297 
304 305 297 
299 306 301 
300 307 299 
299 307 306 
301 306 308 
301 308 302 
309 303 302 
302 308 309 
310 304 303 
309 310 303 
311 305 304 
310 311 304 
306 312 308 
307 313 306 
306 313 312 
314 310 309 
308 312 314 
314 309 308 
315 311 310 
314 315 310 
312 316 314 
313 317 312 
312 317 316 
318 315 314 
318 314 316 
317 319 316 
319 318 316 
