Nodes
301
308.01284699591486 156.94028530303575 54.752062372363838 
279.6698742110197 203.19192041116742 54.752062372363838 
284.37717645089651 177.41767839339997 100.7600561101065 
309.69296037849068 130.35193321576892 97.972668632217633 
328.77154965317322 106.82428654431948 54.752062372363824 
252.9800444509757 219.08600692657069 102.48130892291039 
244.44048726548573 244.44029915581561 54.752062372363831 
254.48994716691089 193.32262949596196 142.69277387362649 
327.55387305627232 80.852370569340351 93.120107491097343 
284.28903894244104 149.48168430801641 139.05023694198357 
306.42810609394701 101.79443304613955 135.05446751770853 
335.75193009436174 40.52752379142774 90.156315659226962 
341.4348570833983 54.077935979403208 54.752062372363824 
214.3494092924881 256.41903149103643 103.94042055504822 
221.76272681435375 230.06252224920024 142.80241192710508 
229.43472961165264 199.2571138419014 173.65571522821642 
174.79911643642063 286.71951494180735 98.677194146273493 
203.19213562902561 279.6697178408084 54.752062372363824 
251.57353094712229 163.02554695217862 180.64725175806109 
319.01938354054153 48.10927533857911 135.69130610252688 
280.4627267546843 119.29793884240266 172.07167311699399 
294.9909257532135 82.405610867911435 169.38024979538918 
332.95835028321784 -8.1551275584745198e-14 107.86592002129599 
345.69091927034009 -8.466985555574563e-14 54.752062372363824 
335.95300624594717 -36.58484699682969 91.088564400418306 
147.00153654030265 291.9259185425683 125.17909704846041 
176.14041098597522 265.33911179654854 145.15409525297741 
187.83914911944294 228.08769912050667 187.59652333664641 
211.20597883203425 180.43933125190458 212.91707832620597 
169.26416391796678 207.4921574418332 225.38111591986836 
131.76232854923478 311.29462315125954 90.74329932506771 
156.94052233188211 308.01272621656091 54.752062372363838 
311.9716552777528 -7.6411017812120298e-14 158.65950204821635 
243.07278409850497 131.55325930281282 214.73090508217138 
294.19460832634564 40.952826251302788 185.12805960669141 
271.60989460585694 83.526428209634858 204.33159555667351 
321.35785120675325 -41.963849224008115 132.16719269956147 
327.3434985186214 -78.344090645392697 95.960603575299814 
341.42787367907874 -54.077024768886318 54.75206237236381 
118.71730477736206 303.9243654146926 126.6340461869372 
130.95934825813848 283.21954634865659 158.54443437050938 
148.19051027886371 260.05823748946182 181.40916673962397 
142.27791868634111 237.86409635082407 213.72333873839983 
205.74441981677288 135.76872696236535 248.46747572525095 
172.77778502561745 176.63536358642466 247.88663806734948 
135.96749138485089 205.99561925382855 248.15045060354456 
80.47632196719411 325.33042041119774 100.91421682650005 
106.82453954898075 328.77146744018597 54.75206237236381 
294.86223903181082 -48.620449141117298 182.18757344688277 
283.285142765427 -6.9384848666736239e-14 205.53781798843161 
233.49028154624796 90.970164838139922 244.34958058645304 
261.35482905895066 45.129354017381715 228.37905931486043 
192.67541722709672 93.948650374785174 276.67640790121703 
300.89453440210298 -98.866479008144111 148.9560287315486 
288.97169599281409 -148.23383668494427 130.4687264316546 
311.60427342075133 -125.86292546754866 97.781904147321441 
328.77146744018603 -106.82453954898082 54.752062372363817 
84.514448702523552 303.10755423560227 153.24202597792785 
101.91364359631744 269.50721828746134 198.69440993615655 
97.048624513036373 234.98142471457993 240.55206197252579 
158.31947617420221 137.57318156775131 280.19379575082093 
136.22651659499195 176.49335137896952 269.80072849311216 
95.223186198744472 197.39625177838329 272.88690806633497 
141.20355240813299 95.410336094972791 305.70970634503567 
38.581946317902108 320.84445950875727 134.42569033059101 
34.656473184558877 336.15506958568528 91.097190177585048 
54.077024768886261 341.4278736790788 54.752062372363817 
2.03878188961863e-14 332.95835028321784 107.86592002129599 
269.7978184411262 -97.104211927511884 200.69855303500819 
261.9573256172734 -48.169362835023577 227.06402629988239 
247.61958007895026 -6.0649305229979641e-14 247.35122520920987 
222.42916381695957 47.607984964464706 266.00516320423463 
177.0936335729385 50.544741134200372 297.62908811406595 
268.67430461646643 -144.1160732831222 171.88564646389776 
239.66261939567497 -141.49196429994734 212.23065966760379 
262.41194367135881 -185.49165464956729 138.68243534775871 
289.19470578989655 -171.62497425123436 97.011805242240229 
308.01272621656085 -156.94052233188216 54.752062372363838 
46.465375699072801 293.52408775521695 184.89072115336583 
48.031946098262679 262.27116937164146 226.73060197169079 
49.070373444059989 224.38950681884137 264.08606112337253 
102.59364576051529 145.03287521813294 301.56261199878105 
48.561820715675154 177.01972499297929 298.00296396544212 
85.435671648955605 93.591151022816575 326.25364742806511 
125.96653002016944 51.149265713087786 322.51540417736589 
1.9102754453030075e-14 311.9716552777528 158.65950204821635 
-42.304841816946727 320.83642726229016 133.3202434006642 
2.1167463888936408e-14 345.69091927034009 54.752062372363824 
-37.061792808965386 335.72997906694934 91.71589104125367 
235.77495131053735 -96.05732615411786 240.17319256452242 
223.13164781616189 -48.338158900869452 265.28416865112519 
205.84476578401254 -5.0417426707725505e-14 283.06352584748618 
158.99643689206061 -3.894289550313922e-14 311.79719681982886 
204.82705744925775 -137.77736882037919 248.11947359611185 
228.03999531980665 -191.29591758991782 184.12939050562761 
205.84268033762072 -171.1565950608674 225.46443382182119 
197.84875880842927 -232.32169962991631 171.4132332086146 
228.72107422639874 -225.77020668633426 138.61631930451813 
256.91654344651863 -216.50270855822006 98.083978765379982 
279.66971784080835 -203.19213562902567 54.752062372363831 
1.734621216668406e-14 283.285142765427 205.53781798843161 
1.516232630749491e-14 247.61958007895026 247.35122520920987 
1.2604356676931376e-14 205.84476578401254 283.06352584748618 
45.90818107882766 129.35268631053964 321.96322997243124 
9.735723875784805e-15 158.99643689206061 311.79719681982886 
73.324510048997638 43.035412988079898 339.5165230957395 
43.187145388196555 78.466934559974902 338.34569696388837 
108.227235532325 -2.6508027515045689e-14 332.8445269811325 
-46.667996838525369 294.65876484414116 183.02543640599396 
-96.292182960437728 299.59701962696568 153.19739335691423 
-78.01846197008058 327.31149598139552 96.33433546894895 
-54.077935979403179 341.4348570833983 54.752062372363824 
195.57989104552834 -96.469100770178258 273.75576489859083 
176.22381055551051 -48.106272291049386 298.54807847238777 
129.03646263574689 -45.851146245062502 322.09822057637541 
173.88266947951047 -137.25112792967306 270.97406727713241 
173.2334545819453 -173.88466031870291 249.50810632012426 
178.3627782497523 -213.02986188614267 212.84970584851811 
161.5010623772593 -253.44626941709868 179.39452435782997 
190.5209101883587 -257.62684101396468 140.81972010398516 
220.2134252543292 -253.59655906716227 98.462340857056958 
244.44029915581555 -244.44048726548576 54.752062372363824 
-47.639147762929731 262.04623510537346 227.07329712566619 
-48.506238937789519 222.36039773990444 265.90035408224173 
-47.923544112806354 178.85491533810611 297.0088436041371 
6.6270068787614223e-15 108.227235532325 332.8445269811325 
-43.65787630364823 137.09249728696332 319.06055385189705 
54.788913307855871 -1.3419413462245501e-14 345.68086333330911 
38.742073199449941 38.742073199449813 345.68497729640637 
3.3548533655613754e-15 54.788913307855871 345.68086333330911 
77.656884665269246 -42.852666225795481 338.57503933607637 
-91.165413045857974 271.46642108364557 201.23332151563517 
-128.40567231634415 274.07552833773639 175.76856397939386 
-147.34643642549534 286.18852466408021 137.42327322293212 
-126.32181085925748 310.36910842211216 101.06342878856455 
-106.82428654431948 328.77154965317322 54.752062372363838 
144.91927775896673 -105.47492932635504 300.62175938780587 
92.373494681831147 -85.827569379751438 326.4977271201588 
135.2386984956554 -158.69907684381519 281.11402924457906 
134.26410288166295 -205.18384385198414 249.74535210791569 
128.42843381400314 -245.13256769896577 214.28056757763682 
127.08408928645484 -271.91840309155828 180.02782093434669 
148.36215207227067 -282.97653704956832 142.87390003747632 
177.64675164581331 -284.29448109079351 100.58965976186238 
203.19192041116736 -279.66987421101976 54.752062372363824 
38.742073199449848 -38.742073199449862 345.68497729640632 
-94.168048522092548 233.98221234515813 242.66170473234166 
-94.353100764067008 193.34417462117693 276.07158947682689 
-93.625707393337564 147.4596128745481 303.2983506153397 
-38.563059600522273 89.804446252159366 336.07744921013312 
-73.275516516974136 110.19914114118794 324.01674026339322 
0 0 350 
-38.742073199449827 38.742073199449877 345.68497729640632 
42.995039787204256 -72.948759738284068 339.60256919867794 
-160.92887486413403 258.85412049364697 172.03616346112941 
-140.71095005723893 240.82335452278693 211.43448264268841 
-192.47152007279988 256.12988486393112 140.89782127646691 
-174.25836651305229 287.21473701066998 98.192242789817229 
-156.94028530303569 308.01284699591486 54.752062372363831 
95.147356177702406 -140.59716065373198 306.07093790247728 
48.062839240509469 -125.97903225210395 322.98490199537861 
92.57534963833406 -191.22986551488685 278.13835257745109 
89.982347017843438 -237.26792931301449 241.05415770045278 
86.596332642902979 -273.88299502282621 199.97294869588299 
96.910166314329445 -299.70287415816478 152.59949831589967 
129.38491671061794 -308.80145534077309 101.98629568332711 
156.94028530303564 -308.01284699591486 54.752062372363838 
-1.0064560096684125e-14 -54.788913307855871 345.68086333330911 
-137.29187114214801 202.63764846162775 250.17778787140475 
-135.97907534045072 163.53406906123001 277.96816243201823 
-108.7986135470732 114.24179500108566 312.42867020355948 
-132.70366034809399 129.16219295648963 296.99640812792376 
-88.85390509161536 71.235767694232507 330.95384716147896 
-38.742073199449898 -38.742073199449813 345.68497729640632 
-54.788913307855871 6.7097067311227507e-15 345.68086333330911 
-89.361934666545039 29.298996207338014 337.12907536119536 
-1.9881020636284268e-14 -108.227235532325 332.8445269811325 
-192.52954383983356 224.48819612466926 187.18286393128415 
-172.41858838450977 203.36862177636047 226.74442453184298 
-230.47699030283007 220.37908102505321 144.26856063433294 
-219.51848451240804 253.10448909038655 101.24106162852139 
-203.19192041116736 279.66987421101965 54.752062372363824 
48.840600925419729 -175.92627594256197 298.60432202870982 
-2.9207171627354415e-14 -158.99643689206061 311.79719681982886 
47.631697793481138 -221.20259957814289 267.02178058200099 
43.948334113115763 -262.1097037653692 227.7433799712131 
47.812854529879559 -294.94926211495704 182.26042828751099 
42.364784881827106 -320.8204183059122 133.33973226287821 
77.991911520606607 -327.3185747376931 96.33178275650846 
106.82428654431936 -328.77154965317317 54.752062372363817 
-43.082761144716521 -77.98161964534593 338.47118443027898 
-174.50247480160428 167.30577487488995 253.09615560420517 
-168.56390197843362 125.97996672398203 279.66991066975618 
-145.53076529708466 84.357179093930483 306.92778089863316 
-130.51173775035286 39.108510702530808 322.39294455681426 
-72.902383046426309 -42.935439289887732 339.62006801591764 
-108.227235532325 1.3254013757522845e-14 332.8445269811325 
-46.672344447339903 -128.77099491873338 322.08651497917197 
-232.9784187588231 191.74614066685618 177.35409195167915 
-212.88284347065812 177.14375796388816 214.01164447356288 
-264.35876064456369 177.54863380124189 145.22716104703986 
-256.90842455725954 213.68629796812283 104.09720194215393 
-244.44029915581561 244.44048726548573 54.752062372363831 
-3.7813070030794127e-14 -205.84476578401254 283.06352584748618 
-48.438077541866491 -176.22072275325758 298.49624707250115 
-4.5486978922484721e-14 -247.61958007895026 247.35122520920987 
-5.2038636500052173e-14 -283.285142765427 205.53781798843161 
-5.7308263359090205e-14 -311.9716552777528 158.65950204821635 
-6.1163456688558892e-14 -332.95835028321784 107.86592002129599 
37.061523998404283 -335.73054017358703 91.713945688031473 
54.077935979403094 -341.43485708339824 54.752062372363824 
-85.928557613352012 -92.695649733068009 326.37983930851675 
-205.40422834846868 136.2723569507466 248.47323338270959 
-194.53347877902169 90.230506220686479 276.61377655729768 
-177.4444040374857 43.041011008527839 298.59831688598877 
-158.99643689206061 1.947144775156961e-14 311.79719681982886 
-124.96666394904594 -49.201222830420043 323.20670255029921 
-105.42072747529815 -144.93589973210319 300.63275800788023 
-252.12287512764073 153.80885369714741 187.82143743923814 
-236.55252050354278 134.94037339030564 219.8499503586614 
-281.8780371283886 131.44894385830736 160.51774775140075 
-291.81604896168898 146.50614626347459 126.01326388684079 
-287.33845684470884 173.18075432812699 99.724809092032473 
-279.6697178408084 203.19213562902561 54.752062372363824 
-48.062846658471216 -223.21762281054737 265.26186238864523 
-96.27856825833139 -195.44032853647079 273.92246215979111 
-48.080197079318104 -262.02568523888164 227.00404164663777 
-48.493860383276441 -294.8956559125005 182.16722435461168 
-41.963034893793306 -321.35986112232507 132.16256414712231 
-36.584542280798672 -335.95316644584665 91.088095935274211 
-6.3502391666809204e-14 -345.69091927034009 54.752062372363824 
-140.51302779078634 -95.01226966641984 306.1515272441103 
-235.01002886555304 91.439542401252311 242.71196183555006 
-222.50187879692166 45.404570665578227 266.3293804568217 
-205.84476578401254 2.5208713353862752e-14 283.06352584748618 
-176.24741282016308 -49.721242150490632 298.26942108303905 
-137.16953535938546 -173.9130059225954 270.99591314309077 
-158.7021765542577 -135.31054950196491 281.07770162433286 
-270.84793947203849 103.90421312594594 195.81958068188433 
-302.47370771169898 83.732742163504369 154.91444100831194 
-303.15399243893535 119.14038699506567 128.07507585396914 
-310.7295083642457 130.97652707846893 93.767382314839594 
-308.01272621656091 156.94052233188214 54.752062372363838 
-95.947566593786334 -235.92527610374592 240.06942445905565 
-137.52366083835068 -204.93416519070746 248.17177649202191 
-97.102984596450568 -269.63306729413739 200.92043052914423 
-98.781761525024152 -300.88740326040289 149.02662228348652 
-78.409909564586314 -327.32572181872422 95.967483649018405 
-54.077024768886311 -341.4278736790788 54.752062372363817 
-191.52821241151628 -92.619779982831346 277.91818977242383 
-261.16678998828706 48.900995712376528 227.81703278190605 
-247.61958007895026 3.032465261498982e-14 247.35122520920987 
-222.20140349915425 -47.276935288913947 266.25444160181411 
-173.675944460789 -173.44936964546372 249.5034718901608 
-205.01902694978304 -134.62277905300755 249.68761673060456 
-292.11764264748626 46.110471453845868 187.19270091640755 
-320.26274079411775 38.257830110381065 135.8974440314644 
-325.26958894496534 80.90307572288495 100.76897759802097 
-328.77146744018603 106.82453954898079 54.752062372363817 
-141.73821869067183 -239.81067518844694 211.89883772228796 
-170.7445520167345 -206.16285335804272 225.48431398187066 
-144.27259696374017 -268.60033309205255 171.86994742588564 
-149.20138683734805 -288.60414398556696 130.17908526399384 
-126.70712582456412 -311.11852021657228 98.237317978090005 
-106.82453954898081 -328.77146744018597 54.752062372363802 
-236.81436009087776 -88.637447435371769 241.99661519717537 
-283.285142765427 3.469242433336812e-14 205.53781798843161 
-262.09614859609343 -43.36984785501793 227.86984264734789 
-213.06392709938663 -178.40962614669149 212.77633389826286 
-245.128628038068 -128.42654406192611 214.28620696742163 
-311.9716552777528 3.8205508906060149e-14 158.65950204821635 
-332.95835028321784 4.0775637792372599e-14 107.86592002129599 
-336.17450392687431 34.679667970517812 91.016611335374492 
-341.42787367907874 54.07702476888629 54.75206237236381 
-191.28397421666995 -228.04470163597261 184.13596949981462 
-186.01206381906368 -262.38908200143152 138.02710516495893 
-172.41641732000193 -288.93149440101695 96.390718338074819 
-156.94052233188216 -308.01272621656079 54.752062372363831 
-232.30797363362478 -197.93255657983084 171.3350764788436 
-273.91546523942696 -86.501277854483106 199.96961477236928 
-294.95787736140653 -47.766543965755979 182.25862904131858 
-253.36631147097052 -161.72743675898965 179.303509198683 
-271.99088094664205 -127.07249691363711 179.92648835011278 
-320.81743040188792 -42.364792686419257 133.3469185656968 
-335.73116468596345 -37.060496090862294 91.712074930762114 
-345.69091927034009 4.2334927777872815e-14 54.752062372363824 
-225.72431759414579 -228.60902963137798 138.87564227630773 
-216.48742733915643 -256.85032444076438 98.290918394059048 
-203.19213562902567 -279.66971784080835 54.752062372363831 
-257.6520507757358 -190.59854776360439 140.66845531768189 
-299.86242462318779 -96.748890282048237 152.38824931173417 
-283.07083529434112 -148.32126778240595 142.72947743610581 
-327.32082345783704 -77.982540562661356 96.331728409056964 
-341.4348570833983 -54.077935979403158 54.752062372363824 
-254.01000589144869 -219.5714719683794 98.829578591965429 
-244.44048726548579 -244.44029915581561 54.752062372363824 
-284.85543229680542 -177.13462998766747 99.903481171239889 
-308.90843587632594 -129.24939547419831 101.83404152834224 
-328.77154965317322 -106.82428654431946 54.752062372363838 
-279.6698742110197 -203.19192041116736 54.752062372363824 
-308.01284699591486 -156.94028530303569 54.752062372363831 
Elements
560
1 0 2 
2 0 3 
0 4 3 
5 1 2 
6 1 5 
5 2 7 
3 4 8 
2 3 9 
7 2 9 
3 8 10 
3 10 9 
4 12 8 
8 12 11 
13 6 5 
13 5 14 
14 5 7 
14 7 15 
17 6 13 
16 17 13 
7 9 18 
15 7 18 
8 11 19 
10 8 19 
9 10 20 
18 9 20 
19 21 10 
21 20 10 
11 22 19 
23 22 11 
12 23 11 
22 23 24 
16 13 26 
25 16 26 
26 13 14 
26 14 27 
27 14 15 
27 15 28 
15 18 28 
27 28 29 
30 16 25 
31 17 16 
30 31 16 
22 32 19 
18 20 33 
28 18 33 
19 32 34 
19 34 21 
21 34 35 
21 35 20 
20 35 33 
32 22 36 
36 22 24 
36 24 37 
23 38 24 
24 38 37 
39 30 25 
39 25 40 
25 26 40 
26 27 41 
26 41 40 
42 41 27 
29 42 27 
33 43 28 
43 44 28 
29 28 44 
45 42 29 
45 29 44 
46 30 39 
47 31 30 
46 47 30 
48 32 36 
49 32 48 
32 49 34 
35 50 33 
50 43 33 
34 49 51 
34 51 35 
35 51 50 
50 52 43 
48 36 53 
37 53 36 
37 55 53 
53 55 54 
38 56 37 
37 56 55 
46 39 57 
40 57 39 
58 57 40 
42 58 41 
58 40 41 
59 58 42 
45 59 42 
43 52 60 
43 60 44 
61 45 44 
44 60 61 
62 59 45 
61 62 45 
52 63 60 
57 64 46 
64 65 46 
66 47 46 
66 46 65 
64 67 65 
68 48 53 
69 49 48 
69 48 68 
70 49 69 
49 70 51 
51 70 71 
51 71 50 
50 71 52 
71 72 52 
52 72 63 
68 53 73 
53 54 73 
74 68 73 
54 75 73 
55 76 54 
54 76 75 
56 77 55 
55 77 76 
78 64 57 
58 78 57 
79 78 58 
59 79 58 
80 79 59 
62 80 59 
81 62 61 
60 63 81 
81 61 60 
82 80 62 
81 82 62 
63 83 81 
72 84 63 
63 84 83 
85 67 64 
78 85 64 
67 85 86 
67 87 65 
87 66 65 
87 67 88 
67 86 88 
89 69 68 
89 68 74 
90 70 69 
90 69 89 
91 70 90 
70 91 71 
71 91 72 
91 92 72 
72 92 84 
93 89 74 
75 94 73 
74 73 94 
93 74 95 
95 74 94 
75 97 94 
94 97 96 
76 98 75 
75 98 97 
77 99 76 
76 99 98 
100 85 78 
79 100 78 
101 100 79 
80 101 79 
102 101 80 
82 102 80 
103 82 81 
103 81 83 
104 102 82 
103 104 82 
84 105 83 
83 105 106 
106 103 83 
92 107 84 
84 107 105 
85 100 108 
86 85 108 
86 108 109 
110 88 86 
109 110 86 
111 87 88 
110 111 88 
112 90 89 
112 89 93 
92 91 113 
113 91 90 
113 90 112 
107 92 114 
114 92 113 
115 112 93 
115 93 116 
116 93 95 
94 96 117 
94 117 95 
95 117 116 
96 118 117 
97 119 96 
119 118 96 
98 120 97 
97 120 119 
99 121 98 
98 121 120 
100 101 122 
108 100 122 
101 102 123 
122 101 123 
102 104 124 
123 102 124 
125 104 103 
125 103 106 
104 125 126 
124 104 126 
107 127 105 
127 128 105 
128 106 105 
128 129 106 
129 125 106 
127 107 130 
107 114 130 
108 122 131 
108 131 109 
132 109 131 
133 109 132 
134 110 109 
133 134 109 
135 111 110 
134 135 110 
114 113 136 
136 113 112 
136 112 115 
130 114 137 
114 136 137 
136 115 138 
116 138 115 
139 138 116 
139 116 117 
140 139 117 
118 140 117 
118 141 140 
119 142 118 
118 142 141 
120 143 119 
119 143 142 
121 144 120 
120 144 143 
145 127 130 
122 123 146 
131 122 146 
123 124 147 
146 123 147 
124 126 148 
147 124 148 
125 129 149 
126 125 149 
126 149 150 
148 126 150 
151 127 145 
151 128 127 
151 129 128 
129 152 149 
151 152 129 
145 130 153 
137 153 130 
154 133 132 
131 146 155 
131 155 132 
154 132 155 
156 133 154 
157 134 133 
156 157 133 
158 135 134 
157 158 134 
159 137 136 
138 159 136 
160 153 137 
159 160 137 
161 159 138 
139 161 138 
162 161 139 
140 162 139 
163 162 140 
163 140 141 
142 164 141 
141 164 163 
143 165 142 
142 165 164 
144 166 143 
143 166 165 
167 145 153 
151 145 167 
146 147 168 
155 146 168 
147 148 169 
168 147 169 
148 150 170 
169 148 171 
148 170 171 
149 152 172 
149 172 150 
150 172 170 
151 167 173 
151 173 174 
151 174 152 
152 174 175 
152 175 172 
176 167 153 
160 176 153 
177 156 154 
177 154 155 
155 168 178 
177 155 178 
179 156 177 
180 157 156 
179 180 156 
181 158 157 
180 181 157 
182 160 159 
161 182 159 
183 176 160 
182 183 160 
184 182 161 
162 184 161 
185 184 162 
163 185 162 
186 185 163 
186 163 164 
187 186 164 
165 188 164 
164 188 187 
166 189 165 
165 189 188 
173 167 190 
167 176 190 
168 169 191 
178 168 191 
169 171 192 
191 169 192 
172 193 170 
193 192 171 
193 171 170 
172 175 194 
194 193 172 
174 173 195 
173 190 195 
196 174 195 
174 196 175 
196 194 175 
176 183 197 
176 197 190 
198 179 177 
198 177 199 
199 177 178 
178 191 199 
200 179 198 
201 180 179 
200 201 179 
202 181 180 
201 202 180 
203 183 182 
184 203 182 
183 203 204 
197 183 204 
205 203 184 
185 205 184 
206 205 185 
186 206 185 
207 206 186 
187 207 186 
208 207 187 
208 187 209 
188 209 187 
189 210 188 
188 210 209 
211 195 190 
190 197 211 
192 212 191 
191 212 199 
193 213 192 
213 212 192 
194 214 193 
193 214 213 
196 215 194 
194 215 214 
215 196 216 
216 196 195 
216 195 211 
197 204 217 
197 217 211 
200 198 218 
218 198 199 
212 219 199 
199 219 218 
200 218 220 
221 200 220 
222 201 200 
221 222 200 
223 202 201 
222 223 201 
203 205 224 
204 203 224 
204 224 225 
217 204 225 
205 206 226 
224 205 226 
206 207 227 
226 206 227 
207 208 228 
227 207 228 
228 208 229 
208 230 229 
210 230 209 
230 208 209 
231 216 211 
231 211 217 
213 232 212 
212 232 219 
214 233 213 
213 233 232 
215 234 214 
214 234 233 
234 215 235 
235 215 216 
235 216 231 
217 225 236 
237 231 217 
217 236 237 
232 238 219 
219 238 218 
218 238 220 
238 239 220 
240 221 220 
220 239 240 
241 222 221 
240 241 221 
242 223 222 
241 242 222 
224 226 243 
225 224 243 
225 243 244 
236 225 244 
226 227 245 
243 226 245 
227 228 246 
245 227 246 
228 229 247 
247 246 228 
230 248 229 
229 248 247 
249 235 231 
249 231 237 
233 250 232 
232 250 238 
234 251 233 
233 251 250 
251 234 252 
252 234 235 
252 235 249 
236 244 253 
253 237 236 
254 249 237 
254 237 253 
250 255 238 
238 255 239 
255 256 239 
257 241 240 
239 256 257 
257 240 239 
258 242 241 
257 258 241 
243 245 259 
244 243 259 
244 259 260 
253 244 260 
245 246 261 
259 245 261 
246 262 261 
247 263 246 
246 263 262 
248 264 247 
247 264 263 
265 252 249 
265 249 254 
251 266 250 
250 266 255 
266 251 267 
267 251 252 
267 252 265 
254 253 268 
260 268 253 
269 265 254 
269 254 268 
266 270 255 
255 270 256 
270 271 256 
256 271 272 
256 272 257 
273 258 257 
273 257 272 
259 261 274 
274 268 260 
260 259 274 
262 275 261 
275 274 261 
263 276 262 
262 276 275 
264 277 263 
263 277 276 
274 278 268 
279 267 265 
279 265 269 
270 266 280 
280 266 267 
280 267 279 
278 281 268 
281 269 268 
279 269 282 
281 282 269 
271 270 283 
283 270 280 
271 283 284 
285 271 284 
271 285 272 
285 273 272 
275 286 274 
274 286 278 
276 287 275 
275 287 286 
277 288 276 
276 288 287 
286 289 278 
289 281 278 
283 280 290 
280 279 290 
282 290 279 
291 290 282 
289 291 281 
281 291 282 
292 284 283 
290 292 283 
293 285 284 
292 293 284 
287 294 286 
286 294 289 
288 295 287 
287 295 294 
294 296 289 
289 296 291 
296 297 291 
297 292 290 
291 297 290 
298 293 292 
297 298 292 
295 299 294 
294 299 296 
299 300 296 
300 298 297 
296 300 297 
Concentrations
301
0.0 0.0 0.0 0.0 0.0
0.0 0.0 0.0 0.0 0.0
0.0 0.0 0.0 0.0 0.0
0.0 0.0 0.0 0.0 0.0
0.0 0.0 0.0 0.0 0.0
0.0 0.0 0.0 0.0 0.0
0.0 0.0 0.0 0.0 0.0
0.0 0.0 0.0 0.0 0.0
0.0 0.0 0.0 0.0 0.0
0.0 0.0 0.0 0.0 0.0
0.0 0.0 0.0 0.0 0.0
0.0 0.0 0.0 0.0 0.0
0.0 0.0 0.0 0.0 0.0
0.0 0.0 0.0 0.0 0.0
0.0 0.0 0.0 0.0 0.0
0.0 0.0 0.0 0.0 0.0
0.0 0.0 0.0 0.0 0.0
0.0 0.0 0.0 0.0 0.0
0.0 0.0 0.0 0.0 0.0
0.0 0.0 0.0 0.0 0.0
0.0 0.0 0.0 0.0 0.0
0.0 0.0 0.0 0.0 0.0
0.0 0.0 0.0 0.0 0.0
0.0 0.0 0.0 0.0 0.0
0.0 0.0 0.0 0.0 0.0
0.0 0.0 0.0 0.0 0.0
0.0 0.0 0.0 0.0 0.0
0.0 0.0 0.0 0.0 0.0
0.0 0.0 0.0 0.0 0.0
0.0 0.0 0.0 0.0 0.0
0.0 0.0 0.0 0.0 0.0
0.0 0.0 0.0 0.0 0.0
0.0 0.0 0.0 0.0 0.0
0.0 0.0 0.0 0.0 0.0
0.0 0.0 0.0 0.0 0.0
0.0 0.0 0.0 0.0 0.0
0.0 0.0 0.0 0.0 0.0
0.0 0.0 0.0 0.0 0.0
0.0 0.0 0.0 0.0 0.0
0.0 0.0 0.0 0.0 0.0
0.0 0.0 0.0 0.0 0.0
0.0 0.0 0.0 0.0 0.0
0.0 0.0 0.0 0.0 0.0
0.0 0.0 0.0 0.0 0.0
0.0 0.0 0.0 0.0 0.0
0.0 0.0 0.0 0.0 0.0
0.0 0.0 0.0 0.0 0.0
0.0 0.0 0.0 0.0 0.0
0.0 0.0 0.0 0.0 0.0
0.0 0.0 0.0 0.0 0.0
0.0 0.0 0.0 0.0 0.0
0.0 0.0 0.0 0.0 0.0
0.0 0.0 0.0 0.0 0.0
0.0 0.0 0.0 0.0 0.0
0.0 0.0 0.0 0.0 0.0
0.0 0.0 0.0 0.0 0.0
0.0 0.0 0.0 0.0 0.0
0.0 0.0 0.0 0.0 0.0
0.0 0.0 0.0 0.0 0.0
0.0 0.0 0.0 0.0 0.0
0.0 0.0 0.0 0.0 0.0
0.0 0.0 0.0 0.0 0.0
0.0 0.0 0.0 0.0 0.0
0.0 0.0 0.0 0.0 0.0
0.0 0.0 0.0 0.0 0.0
0.0 0.0 0.0 0.0 0.0
0.0 0.0 0.0 0.0 0.0
0.0 0.0 0.0 0.0 0.0
0.0 0.0 0.0 0.0 0.0
0.0 0.0 0.0 0.0 0.0
0.0 0.0 0.0 0.0 0.0
0.0 0.0 0.0 0.0 0.0
0.0 0.0 0.0 0.0 0.0
0.0 0.0 0.0 0.0 0.0
0.0 0.0 0.0 0.0 0.0
0.0 0.0 0.0 0.0 0.0
0.0 0.0 0.0 0.0 0.0
0.0 0.0 0.0 0.0 0.0
0.0 0.0 0.0 0.0 0.0
0.0 0.0 0.0 0.0 0.0
0.0 0.0 0.0 0.0 0.0
0.0 0.0 0.0 0.0 0.0
0.0 0.0 0.0 0.0 0.0
0.0 0.0 0.0 0.0 0.0
0.0 0.0 0.0 0.0 0.0
0.0 0.0 0.0 0.0 0.0
0.0 0.0 0.0 0.0 0.0
0.0 0.0 0.0 0.0 0.0
0.0 0.0 0.0 0.0 0.0
0.0 0.0 0.0 0.0 0.0
0.0 0.0 0.0 0.0 0.0
0.0 0.0 0.0 0.0 0.0
0.0 0.0 0.0 0.0 0.0
0.0 0.0 0.0 0.0 0.0
0.0 0.0 0.0 0.0 0.0
0.0 0.0 0.0 0.0 0.0
0.0 0.0 0.0 0.0 0.0
0.0 0.0 0.0 0.0 0.0
0.0 0.0 0.0 0.0 0.0
0.0 0.0 0.0 0.0 0.0
0.0 0.0 0.0 0.0 0.0
0.0 0.0 0.0 0.0 0.0
0.0 0.0 0.0 0.0 0.0
0.0 0.0 0.0 0.0 0.0
0.0 0.0 0.0 0.0 0.0
0.0 0.0 0.0 0.0 0.0
0.0 0.0 0.0 0.0 0.0
0.0 0.0 0.0 0.0 0.0
0.0 0.0 0.0 0.0 0.0
0.0 0.0 0.0 0.0 0.0
0.0 0.0 0.0 0.0 0.0
0.0 0.0 0.0 0.0 0.0
0.0 0.0 0.0 0.0 0.0
0.0 0.0 0.0 0.0 0.0
0.0 0.0 0.0 0.0 0.0
0.0 0.0 0.0 0.0 0.0
0.0 0.0 0.0 0.0 0.0
0.0 0.0 0.0 0.0 0.0
0.0 0.0 0.0 0.0 0.0
0.0 0.0 0.0 0.0 0.0
0.0 0.0 0.0 0.0 0.0
0.0 0.0 0.0 0.0 0.0
0.0 0.0 0.0 0.0 0.0
0.0 0.0 0.0 0.0 0.0
0.0 0.0 0.0 0.0 0.0
0.0 0.0 0.0 0.0 0.0
0.0 0.0 0.0 0.0 0.0
0.0 0.0 0.0 0.0 0.0
0.0 0.0 0.0 0.0 0.0
0.0 0.0 0.0 0.0 0.0
0.0 0.0 0.0 0.0 0.0
0.0 0.0 0.0 0.0 0.0
0.0 0.0 0.0 0.0 0.0
0.0 0.0 0.0 0.0 0.0
0.0 0.0 0.0 0.0 0.0
0.0 0.0 0.0 0.0 0.0
0.0 0.0 0.0 0.0 0.0
0.0 0.0 0.0 0.0 0.0
0.0 0.0 0.0 0.0 0.0
0.0 0.0 0.0 0.0 0.0
0.0 0.0 0.0 0.0 0.0
0.0 0.0 0.0 0.0 0.0
0.0 0.0 0.0 0.0 0.0
0.0 0.0 0.0 0.0 0.0
0.0 0.0 0.0 0.0 0.0
0.0 0.0 0.0 0.0 0.0
0.0 0.0 0.0 0.0 0.0
0.0 0.0 0.0 0.0 0.0
0.0 0.0 0.0 0.0 0.0
0.0 0.0 0.0 0.0 0.0
0.0 0.0 0.0 0.0 0.0
0.0 0.0 0.0 0.0 0.0
0.0 0.0 0.0 0.0 0.0
0.0 0.0 0.0 0.0 0.0
0.0 0.0 0.0 0.0 0.0
0.0 0.0 0.0 0.0 0.0
0.0 0.0 0.0 0.0 0.0
0.0 0.0 0.0 0.0 0.0
0.0 0.0 0.0 0.0 0.0
0.0 0.0 0.0 0.0 0.0
0.0 0.0 0.0 0.0 0.0
0.0 0.0 0.0 0.0 0.0
0.0 0.0 0.0 0.0 0.0
0.0 0.0 0.0 0.0 0.0
0.0 0.0 0.0 0.0 0.0
0.0 0.0 0.0 0.0 0.0
0.0 0.0 0.0 0.0 0.0
0.0 0.0 0.0 0.0 0.0
0.0 0.0 0.0 0.0 0.0
0.0 0.0 0.0 0.0 0.0
0.0 0.0 0.0 0.0 0.0
0.0 0.0 0.0 0.0 0.0
0.0 0.0 0.0 0.0 0.0
0.0 0.0 0.0 0.0 0.0
0.0 0.0 0.0 0.0 0.0
0.0 0.0 0.0 0.0 0.0
0.0 0.0 0.0 0.0 0.0
0.0 0.0 0.0 0.0 0.0
0.0 0.0 0.0 0.0 0.0
0.0 0.0 0.0 0.0 0.0
0.0 0.0 0.0 0.0 0.0
0.0 0.0 0.0 0.0 0.0
0.0 0.0 0.0 0.0 0.0
0.0 0.0 0.0 0.0 0.0
0.0 0.0 0.0 0.0 0.0
0.0 0.0 0.0 0.0 0.0
0.0 0.0 0.0 0.0 0.0
0.0 0.0 0.0 0.0 0.0
0.0 0.0 0.0 0.0 0.0
0.0 0.0 0.0 0.0 0.0
0.0 0.0 0.0 0.0 0.0
0.0 0.0 0.0 0.0 0.0
0.0 0.0 0.0 0.0 0.0
0.0 0.0 0.0 0.0 0.0
0.0 0.0 0.0 0.0 0.0
0.0 0.0 0.0 0.0 0.0
0.0 0.0 0.0 0.0 0.0
0.0 0.0 0.0 0.0 0.0
0.0 0.0 0.0 0.0 0.0
0.0 0.0 0.0 0.0 0.0
0.0 0.0 0.0 0.0 0.0
0.0 0.0 0.0 0.0 0.0
0.0 0.0 0.0 0.0 0.0
0.0 0.0 0.0 0.0 0.0
0.0 0.0 0.0 0.0 0.0
0.0 0.0 0.0 0.0 0.0
0.0 0.0 0.0 0.0 0.0
0.0 0.0 0.0 0.0 0.0
0.0 0.0 0.0 0.0 0.0
0.0 0.0 0.0 0.0 0.0
0.0 0.0 0.0 0.0 0.0
0.0 0.0 0.0 0.0 0.0
0.0 0.0 0.0 0.0 0.0
0.0 0.0 0.0 0.0 0.0
0.0 0.0 0.0 0.0 0.0
0.0 0.0 0.0 0.0 0.0
0.0 0.0 0.0 0.0 0.0
0.0 0.0 0.0 0.0 0.0
0.0 0.0 0.0 0.0 0.0
0.0 0.0 0.0 0.0 0.0
0.0 0.0 0.0 0.0 0.0
0.0 0.0 0.0 0.0 0.0
0.0 0.0 0.0 0.0 0.0
0.0 0.0 0.0 0.0 0.0
0.0 0.0 0.0 0.0 0.0
0.0 0.0 0.0 0.0 0.0
0.0 0.0 0.0 0.0 0.0
0.0 0.0 0.0 0.0 0.0
0.0 0.0 0.0 0.0 0.0
0.0 0.0 0.0 0.0 0.0
0.0 0.0 0.0 0.0 0.0
0.0 0.0 0.0 0.0 0.0
0.0 0.0 0.0 0.0 0.0
0.0 0.0 0.0 0.0 0.0
0.0 0.0 0.0 0.0 0.0
0.0 0.0 0.0 0.0 0.0
0.0 0.0 0.0 0.0 0.0
0.0 0.0 0.0 0.0 0.0
0.0 0.0 0.0 0.0 0.0
0.0 0.0 0.0 0.0 0.0
0.0 0.0 0.0 0.0 0.0
0.0 0.0 0.0 0.0 0.0
0.0 0.0 0.0 0.0 0.0
0.0 0.0 0.0 0.0 0.0
0.0 0.0 0.0 0.0 0.0
0.0 0.0 0.0 0.0 0.0
0.0 0.0 0.0 0.0 0.0
0.0 0.0 0.0 0.0 0.0
0.0 0.0 0.0 0.0 0.0
0.0 0.0 0.0 0.0 0.0
0.0 0.0 0.0 0.0 0.0
0.0 0.0 0.0 0.0 0.0
0.0 0.0 0.0 0.0 0.0
0.0 0.0 0.0 0.0 0.0
0.0 0.0 0.0 0.0 0.0
0.0 0.0 0.0 0.0 0.0
0.0 0.0 0.0 0.0 0.0
0.0 0.0 0.0 0.0 0.0
0.0 0.0 0.0 0.0 0.0
0.0 0.0 0.0 0.0 0.0
0.0 0.0 0.0 0.0 0.0
0.0 0.0 0.0 0.0 0.0
0.0 0.0 0.0 0.0 0.0
0.0 0.0 0.0 0.0 0.0
0.0 0.0 0.0 0.0 0.0
0.0 0.0 0.0 0.0 0.0
0.0 0.0 0.0 0.0 0.0
0.0 0.0 0.0 0.0 0.0
0.0 0.0 0.0 0.0 0.0
0.0 0.0 0.0 0.0 0.0
0.0 0.0 0.0 0.0 0.0
0.0 0.0 0.0 0.0 0.0
0.0 0.0 0.0 0.0 0.0
0.0 0.0 0.0 0.0 0.0
0.0 0.0 0.0 0.0 0.0
0.0 0.0 0.0 0.0 0.0
0.0 0.0 0.0 0.0 0.0
0.0 0.0 0.0 0.0 0.0
0.0 0.0 0.0 0.0 0.0
0.0 0.0 0.0 0.0 0.0
0.0 0.0 0.0 0.0 0.0
0.0 0.0 0.0 0.0 0.0
0.0 0.0 0.0 0.0 0.0
0.0 0.0 0.0 0.0 0.0
0.0 0.0 0.0 0.0 0.0
0.0 0.0 0.0 0.0 0.0
0.0 0.0 0.0 0.0 0.0
0.0 0.0 0.0 0.0 0.0
0.0 0.0 0.0 0.0 0.0
0.0 0.0 0.0 0.0 0.0
0.0 0.0 0.0 0.0 0.0
0.0 0.0 0.0 0.0 0.0
0.0 0.0 0.0 0.0 0.0
0.0 0.0 0.0 0.0 0.0
0.0 0.0 0.0 0.0 0.0
0.0 0.0 0.0 0.0 0.0
0.0 0.0 0.0 0.0 0.0
0.0 0.0 0.0 0.0 0.0
0.0 0.0 0.0 0.0 0.0
0.0 0.0 0.0 0.0 0.0
0.0 0.0 0.0 0.0 0.0
0.0 0.0 0.0 0.0 0.0