Nodes
159
-7.0099523661830148 -1.3639977932524949 6.9999999999999991 
-6.6053852979241645 -2.7145393258679653 7.0000000000000009 
-5.9433872977151463 -3.9592994634718921 7.0000000000000018 
-7.1414284285428522 0 6.9999999999999964 
-6.437362814594044 -0.84435569495000107 7.6057493683191639 
-6.1467546566587972 -1.8411881393417842 7.6699043948663732 
-5.5667474783326218 -3.0387897914658244 7.7315638208424868 
-5.0497524695550888 -5.0497524687959183 7.0000000000000009 
-4.9528563448360821 -4.1204435411336178 7.6479512976840551 
-7.0099523661830005 1.3639977932524903 7.0000000000000018 
-6.4406710350391272 0.84057413836129191 7.6033671314968201 
-6.6053852979241681 2.7145393258679666 7.0000000000000009 
-6.153513503272718 0 7.8825182788921442 
-5.6011609940155598 -0.93203201730512919 8.2315437092830166 
-4.9342492637167013 -2.1370861219858526 8.4312541837336781 
-4.5109384876352632 -3.2322078471298625 8.3189101686292428 
-3.959299462468663 -5.9433872935904448 7.0000000000000009 
-4.0678923693343974 -4.9099394496197677 7.7035541325143235 
-4.0782227188187665 -4.0834162586556726 8.1666278912570132 
-5.9433872977151454 3.9592994634718939 6.9999999999999991 
-6.1381504274295446 1.8664156296233794 7.6706976232767827 
-5.6069024441871127 0.93379571257808192 8.2274340197013665 
-5.5777368117006327 3.0477931492753707 7.7200912545532629 
-4.9456652131717025 4.1060803217583963 7.6603198360441676 
-5.0576178709232433 0 8.6267108145097211 
-4.3462526464866 -1.2379137040227259 8.9206310087516218 
-2.7145393313175203 -6.6053853080718623 7.0000000000000027 
-3.67500581319841 -2.5882875645042676 8.932810294436484 
-3.695620364236432 -3.6156118950815004 8.5597745734094044 
-3.0540475951666779 -5.5283918533807732 7.7530430672046293 
-3.2338017200847244 -4.4614148667042963 8.3449567897219801 
-5.0497524695550879 5.0497524687959165 7.0000000000000018 
-4.9232707034694441 2.1768237354821083 8.4275052064653888 
-4.3392483084852937 1.2562316201887609 8.9214800472648825 
-4.4947347242052986 3.2720198146071726 8.3121144176341293 
-4.0691419694544324 4.914567826439777 7.6999419940508327 
-4.0927449119699597 4.0677029021081035 8.167204673921507 
-1.3639977928802893 -7.009952362090548 7.0000000000000018 
-3.8729771472362104 0 9.2195294856545562 
-3.006138213483879 -1.2532409424604076 9.4547617728620175 
-1.8644193950115482 -6.1433811134346126 7.6669947707429449 
-0.89039438609662513 -6.3970542038552791 7.6344544893623603 
-2.4602720828731002 -2.455737526354739 9.3763753380444612 
-2.5915445509076731 -3.483458681573413 9.0082968675788884 
-2.0738189569874623 -4.8948087884835347 8.469954064682037 
-3.959299462468671 5.9433872935904573 7.0000000000000018 
-3.1161860473664444 1.2221816628840552 9.4231447246186715 
-3.6793706634458454 2.6286143989187449 8.9192274252185744 
-3.6859905030446249 3.6522350467208335 8.5483713755878039 
-3.0484843987381089 5.5396505627638515 7.7471939767325093 
-3.2467803127400523 4.4720286136739666 8.3342292792606152 
0 -7.1414284285428522 6.9999999999999964 
-2.6203737772193643 0 9.6505691060571213 
-1.8323233798098939 -1.8316377163010473 9.6585554980041159 
-2.0254404194589823 -0.83274978879219963 9.7572598047037982 
0.84057413836128902 -6.440671035039137 7.6033671314968139 
-0.95430111217392655 -5.5654391276518842 8.2531931216775156 
0 -6.153513503272718 7.8825182788921442 
-0.82754745499765259 -2.0198527939785684 9.7588605841247595 
-1.2300234270310928 -3.0047277635907101 9.4582584779472949 
-1.1786769664171175 -4.2669309740615704 8.9668289083394335 
-2.7145393313175226 6.6053853080718739 7.0000000000000018 
-1.8436282056997346 6.1492639154439921 7.6673064590745845 
-2.082618256399277 0.81717211346564045 9.7465343037967358 
-1.8827334181908313 1.8861816793164572 9.6383418464297268 
-2.5699277308982182 2.5251018543046269 9.3284153039703188 
-2.6515695037674893 3.521636639828964 8.9759263891647638 
-2.1179214981276187 4.9567333798681164 8.4228975257134682 
1.3639977932524805 -7.0099523661830139 7.0000000000000027 
-1.3217850830519771 0 9.9122577005697856 
-0.93464334257149762 -0.93464334257149762 9.9122592603489519 
0 -1.3217850830519771 9.9122577005697856 
1.8664156296233756 -6.1381504274295446 7.6706976232767801 
0.93379571257808947 -5.6069024441871091 8.2274340197013665 
0 -5.0576178709232433 8.6267108145097211 
0 -2.6203737772193643 9.6505691060571213 
0 -3.8729771472362104 9.2195294856545562 
-0.89036132773567489 6.3970665153750579 7.6344480287667142 
-1.3639977928802787 7.0099523620905462 7.0000000000000009 
0 6.1535135032727188 7.8825182788921389 
-0.95792763681118309 5.5632822908778792 8.2542270864471572 
-0.93464334257149762 0.93464334257149762 9.9122592603489519 
-0.85148237800873272 2.0540615025982083 9.7496568710639551 
-1.2727315855832546 3.122413222366637 9.4143873927010659 
-1.1595429940232702 4.3447756984873402 8.9318746170580212 
3.0477931492753711 -5.5777368117006274 7.7200912545532683 
2.7145393258679595 -6.605385297924161 7 
0 0 10 
0.81717211346563989 -2.0826182563992752 9.7465343037967376 
0.93464334257149762 -0.93464334257149762 9.9122592603489519 
2.1768237354821078 -4.9232707034694343 8.4275052064653906 
1.2562316201887618 -4.3392483084852884 8.9214800472648861 
1.2221816628840549 -3.1161860473664489 9.4231447246186679 
3.2720198146071686 -4.4947347242053013 8.3121144176341293 
0 7.1414284285428566 6.9999999999999938 
0.84271736289844923 6.4388171945475623 7.6046999008158158 
0.93267334699762916 5.6052413090416318 8.2286931097965681 
0 5.0576178709232469 8.6267108145097193 
0 1.3217850830519771 9.9122577005697856 
0 2.6203737772193656 9.6505691060571177 
0 3.8729771472362131 9.2195294856545544 
4.1060803217583954 -4.9456652131717016 7.6603198360441711 
3.9592994634718814 -5.943387297715133 7.0000000000000018 
0.93464334257149762 0.93464334257149762 9.9122592603489519 
4.0677029021081053 -4.0927449119699553 8.1672046739215105 
1.3217850830519771 0 9.9122577005697856 
1.8861816793164572 -1.8827334181908313 9.6383418464297268 
2.0540615025982123 -0.85148237800873916 9.7496568710639515 
2.6286143989187458 -3.6793706634458356 8.9192274252185761 
2.5251018543046229 -2.5699277308982156 9.3284153039703241 
3.6522350467208309 -3.6859905030446205 8.5483713755878057 
1.8600817525332678 6.1410564478033818 7.6699101415065698 
1.3639977932524991 7.0099523661830059 7.0000000000000009 
2.063883401191668 5.0763894293948049 8.3648464222252255 
1.1576415209117379 4.4429022616658917 8.8837202568712872 
1.0538159098751749 2.0925354526551319 9.7216648475184222 
1.1644500010080026 3.2851599147100474 9.3729280659746212 
4.914567826439769 -4.0691419694544306 7.6999419940508389 
5.0497524687959148 -5.0497524695550853 6.9999999999999991 
1.9716277456175986 1.0821486499786475 9.7437999944611065 
4.472028613673964 -3.2467803127400483 8.334229279260617 
2.6203737772193656 0 9.6505691060571177 
3.1224132223666183 -1.2727315855832553 9.4143873927010695 
3.5216366398289662 -2.6515695037674867 8.9759263891647656 
3.1516884312751503 4.7517382068719369 8.215098541436971 
3.002142838452758 5.6624758660334349 7.676164761397172 
2.7145393258679693 6.6053852979241707 7 
2.5524617387062252 3.8238139011105048 8.8805059721907096 
2.2956867735615281 2.4431033949461054 9.4213092529275091 
5.5396505627637094 -3.048484398738224 7.7471939767325688 
5.9433872935904457 -3.9592994624686662 7.0000000000000009 
3.1448522620710109 1.2848019684171013 9.4052744857180226 
4.9567333798681084 -2.1179214981276155 8.4228975257134753 
3.8729771472362131 0 9.2195294856545544 
4.3447756984873287 -1.1595429940232682 8.9318746170580265 
3.8523215992848234 3.9140313396994197 8.3570315882814779 
4.0118772002752587 4.9625613224500897 7.6992094692139634 
3.9592994634718961 5.9433872977151472 7.0000000000000027 
3.7357308353892282 2.6265274003037389 8.8963851614560738 
6.1492639154439912 -1.843628205699734 7.6673064590745845 
6.6053853080718801 -2.714539331317527 7.0000000000000009 
4.3580629932486792 1.2423705948707089 8.914247150033308 
5.563282290877873 -0.95792763681118298 8.2542270864471625 
5.0576178709232469 0 8.6267108145097193 
4.6755553733090771 3.2228139699448741 8.231199916552189 
4.9017630384733675 4.1079163390268203 7.6875056075565098 
5.0497524687959139 5.0497524695550808 7.0000000000000027 
4.9968562831825718 2.1230096304725774 8.3978721944394668 
6.3970665153750543 -0.89036132773567467 7.6344480287667169 
7.0099523620905373 -1.363997792880282 7 
5.6089196663999781 0.97011452075380922 8.2218548997470275 
6.1535135032727188 0 7.8825182788921389 
5.5744342533410505 3.065502624505561 7.7154634607603132 
5.9433872935904546 3.959299462468663 7 
6.1471930238942143 1.8879846793594022 7.6581676514353285 
7.1414284285428566 0 6.9999999999999938 
6.3979725647666452 0.89000300633644736 7.6337305237482287 
6.6053853080718783 2.7145393313175212 7.0000000000000009 
7.0099523620905373 1.3639977928802705 7.0000000000000018
Elements
284
3 0 4 
0 1 5 
0 5 4 
1 2 6 
5 1 6 
2 7 8 
6 2 8 
10 9 3 
12 3 4 
10 3 12 
13 12 4 
13 4 5 
5 6 14 
14 13 5 
6 8 15 
6 15 14 
7 16 17 
8 7 17 
8 17 18 
15 8 18 
20 11 9 
10 20 9 
10 12 21 
20 10 21 
22 19 11 
22 11 20 
23 19 22 
24 12 13 
21 12 24 
25 24 13 
25 13 14 
25 14 27 
27 14 15 
15 18 28 
28 27 15 
16 26 29 
17 16 29 
17 29 30 
18 17 30 
18 30 28 
23 31 19 
32 22 20 
20 21 32 
21 24 33 
32 21 33 
34 23 22 
32 34 22 
35 31 23 
36 35 23 
36 23 34 
38 24 25 
33 24 38 
39 38 25 
39 25 27 
26 37 40 
29 26 40 
40 37 41 
39 27 42 
43 42 27 
28 30 43 
43 27 28 
29 40 44 
30 29 44 
30 44 43 
35 45 31 
33 38 46 
47 33 46 
47 32 33 
34 32 47 
48 36 34 
47 48 34 
49 45 35 
50 49 35 
50 35 36 
50 36 48 
37 51 41 
52 38 39 
46 38 52 
53 39 42 
52 39 54 
53 54 39 
40 41 56 
44 40 56 
51 57 41 
57 56 41 
57 51 55 
59 58 53 
43 59 42 
59 53 42 
56 60 44 
60 59 43 
60 43 44 
49 61 45 
62 61 49 
63 46 52 
46 63 64 
65 47 46 
65 46 64 
47 65 66 
48 47 66 
48 66 50 
67 62 49 
67 49 50 
66 67 50 
51 68 55 
69 52 54 
63 52 69 
70 69 54 
58 70 53 
70 54 53 
71 70 58 
68 72 55 
73 57 55 
73 55 72 
57 74 56 
56 74 60 
74 57 73 
75 71 58 
59 75 58 
74 76 60 
76 75 59 
60 76 59 
62 78 61 
77 78 62 
77 80 79 
80 77 62 
80 62 67 
63 69 81 
64 63 81 
64 81 82 
64 82 83 
65 83 66 
65 64 83 
67 84 80 
66 83 84 
67 66 84 
68 86 72 
72 86 85 
87 70 71 
87 69 70 
81 69 87 
71 75 88 
89 71 88 
87 71 89 
72 85 90 
90 73 72 
76 74 91 
91 74 73 
91 73 90 
75 76 92 
75 92 88 
92 76 91 
85 93 90 
77 94 78 
77 79 94 
95 94 79 
95 79 96 
80 97 79 
84 97 80 
96 79 97 
82 81 98 
98 81 87 
82 98 99 
82 99 83 
84 100 97 
83 99 100 
83 100 84 
85 101 93 
86 102 85 
85 102 101 
103 98 87 
93 101 104 
87 89 105 
105 103 87 
89 88 106 
106 88 92 
105 89 107 
107 89 106 
92 91 108 
91 90 108 
108 90 93 
92 108 109 
106 92 109 
93 104 110 
93 110 108 
111 95 96 
95 112 94 
95 111 112 
111 96 113 
114 97 100 
96 97 114 
113 96 114 
115 98 103 
115 99 98 
116 100 99 
115 116 99 
114 100 116 
101 117 104 
102 118 101 
101 118 117 
119 103 105 
119 115 103 
104 117 120 
110 104 120 
121 105 107 
119 105 121 
122 121 107 
122 107 106 
122 106 109 
123 122 109 
123 109 108 
123 108 110 
120 123 110 
113 125 111 
113 124 125 
111 126 112 
125 126 111 
127 114 116 
113 114 127 
124 113 127 
115 119 128 
128 116 115 
128 127 116 
117 129 120 
118 130 117 
117 130 129 
119 121 131 
128 119 131 
120 129 132 
120 132 123 
133 121 122 
131 121 133 
134 133 122 
134 122 123 
134 123 132 
127 135 124 
124 136 125 
135 136 124 
125 137 126 
136 137 125 
128 131 138 
127 128 138 
135 127 138 
129 139 132 
130 140 129 
129 140 139 
131 133 141 
138 131 141 
142 134 132 
132 139 142 
143 133 134 
142 143 134 
141 133 143 
138 144 135 
135 145 136 
144 145 135 
136 146 137 
145 146 136 
138 141 147 
138 147 144 
139 148 142 
140 149 139 
139 149 148 
141 143 150 
147 141 150 
151 143 142 
151 142 148 
150 143 151 
144 152 145 
147 152 144 
145 153 146 
152 153 145 
147 154 152 
154 147 150 
149 155 148 
155 151 148 
156 151 155 
150 151 156 
150 156 154 
152 157 153 
154 157 152 
154 158 157 
156 155 158 
156 158 154
Concentrations
159
-7.0099523661830148 -1.3639977932524949 6.9999999999999991 
-6.6053852979241645 -2.7145393258679653 7.0000000000000009 
-5.9433872977151463 -3.9592994634718921 7.0000000000000018 
-7.1414284285428522 0 6.9999999999999964 
-6.437362814594044 -0.84435569495000107 7.6057493683191639 
-6.1467546566587972 -1.8411881393417842 7.6699043948663732 
-5.5667474783326218 -3.0387897914658244 7.7315638208424868 
-5.0497524695550888 -5.0497524687959183 7.0000000000000009 
-4.9528563448360821 -4.1204435411336178 7.6479512976840551 
-7.0099523661830005 1.3639977932524903 7.0000000000000018 
-6.4406710350391272 0.84057413836129191 7.6033671314968201 
-6.6053852979241681 2.7145393258679666 7.0000000000000009 
-6.153513503272718 0 7.8825182788921442 
-5.6011609940155598 -0.93203201730512919 8.2315437092830166 
-4.9342492637167013 -2.1370861219858526 8.4312541837336781 
-4.5109384876352632 -3.2322078471298625 8.3189101686292428 
-3.959299462468663 -5.9433872935904448 7.0000000000000009 
-4.0678923693343974 -4.9099394496197677 7.7035541325143235 
-4.0782227188187665 -4.0834162586556726 8.1666278912570132 
-5.9433872977151454 3.9592994634718939 6.9999999999999991 
-6.1381504274295446 1.8664156296233794 7.6706976232767827 
-5.6069024441871127 0.93379571257808192 8.2274340197013665 
-5.5777368117006327 3.0477931492753707 7.7200912545532629 
-4.9456652131717025 4.1060803217583963 7.6603198360441676 
-5.0576178709232433 0 8.6267108145097211 
-4.3462526464866 -1.2379137040227259 8.9206310087516218 
-2.7145393313175203 -6.6053853080718623 7.0000000000000027 
-3.67500581319841 -2.5882875645042676 8.932810294436484 
-3.695620364236432 -3.6156118950815004 8.5597745734094044 
-3.0540475951666779 -5.5283918533807732 7.7530430672046293 
-3.2338017200847244 -4.4614148667042963 8.3449567897219801 
-5.0497524695550879 5.0497524687959165 7.0000000000000018 
-4.9232707034694441 2.1768237354821083 8.4275052064653888 
-4.3392483084852937 1.2562316201887609 8.9214800472648825 
-4.4947347242052986 3.2720198146071726 8.3121144176341293 
-4.0691419694544324 4.914567826439777 7.6999419940508327 
-4.0927449119699597 4.0677029021081035 8.167204673921507 
-1.3639977928802893 -7.009952362090548 7.0000000000000018 
-3.8729771472362104 0 9.2195294856545562 
-3.006138213483879 -1.2532409424604076 9.4547617728620175 
-1.8644193950115482 -6.1433811134346126 7.6669947707429449 
-0.89039438609662513 -6.3970542038552791 7.6344544893623603 
-2.4602720828731002 -2.455737526354739 9.3763753380444612 
-2.5915445509076731 -3.483458681573413 9.0082968675788884 
-2.0738189569874623 -4.8948087884835347 8.469954064682037 
-3.959299462468671 5.9433872935904573 7.0000000000000018 
-3.1161860473664444 1.2221816628840552 9.4231447246186715 
-3.6793706634458454 2.6286143989187449 8.9192274252185744 
-3.6859905030446249 3.6522350467208335 8.5483713755878039 
-3.0484843987381089 5.5396505627638515 7.7471939767325093 
-3.2467803127400523 4.4720286136739666 8.3342292792606152 
0 -7.1414284285428522 6.9999999999999964 
-2.6203737772193643 0 9.6505691060571213 
-1.8323233798098939 -1.8316377163010473 9.6585554980041159 
-2.0254404194589823 -0.83274978879219963 9.7572598047037982 
0.84057413836128902 -6.440671035039137 7.6033671314968139 
-0.95430111217392655 -5.5654391276518842 8.2531931216775156 
0 -6.153513503272718 7.8825182788921442 
-0.82754745499765259 -2.0198527939785684 9.7588605841247595 
-1.2300234270310928 -3.0047277635907101 9.4582584779472949 
-1.1786769664171175 -4.2669309740615704 8.9668289083394335 
-2.7145393313175226 6.6053853080718739 7.0000000000000018 
-1.8436282056997346 6.1492639154439921 7.6673064590745845 
-2.082618256399277 0.81717211346564045 9.7465343037967358 
-1.8827334181908313 1.8861816793164572 9.6383418464297268 
-2.5699277308982182 2.5251018543046269 9.3284153039703188 
-2.6515695037674893 3.521636639828964 8.9759263891647638 
-2.1179214981276187 4.9567333798681164 8.4228975257134682 
1.3639977932524805 -7.0099523661830139 7.0000000000000027 
-1.3217850830519771 0 9.9122577005697856 
-0.93464334257149762 -0.93464334257149762 9.9122592603489519 
0 -1.3217850830519771 9.9122577005697856 
1.8664156296233756 -6.1381504274295446 7.6706976232767801 
0.93379571257808947 -5.6069024441871091 8.2274340197013665 
0 -5.0576178709232433 8.6267108145097211 
0 -2.6203737772193643 9.6505691060571213 
0 -3.8729771472362104 9.2195294856545562 
-0.89036132773567489 6.3970665153750579 7.6344480287667142 
-1.3639977928802787 7.0099523620905462 7.0000000000000009 
0 6.1535135032727188 7.8825182788921389 
-0.95792763681118309 5.5632822908778792 8.2542270864471572 
-0.93464334257149762 0.93464334257149762 9.9122592603489519 
-0.85148237800873272 2.0540615025982083 9.7496568710639551 
-1.2727315855832546 3.122413222366637 9.4143873927010659 
-1.1595429940232702 4.3447756984873402 8.9318746170580212 
3.0477931492753711 -5.5777368117006274 7.7200912545532683 
2.7145393258679595 -6.605385297924161 7 
0 0 10 
0.81717211346563989 -2.0826182563992752 9.7465343037967376 
0.93464334257149762 -0.93464334257149762 9.9122592603489519 
2.1768237354821078 -4.9232707034694343 8.4275052064653906 
1.2562316201887618 -4.3392483084852884 8.9214800472648861 
1.2221816628840549 -3.1161860473664489 9.4231447246186679 
3.2720198146071686 -4.4947347242053013 8.3121144176341293 
0 7.1414284285428566 6.9999999999999938 
0.84271736289844923 6.4388171945475623 7.6046999008158158 
0.93267334699762916 5.6052413090416318 8.2286931097965681 
0 5.0576178709232469 8.6267108145097193 
0 1.3217850830519771 9.9122577005697856 
0 2.6203737772193656 9.6505691060571177 
0 3.8729771472362131 9.2195294856545544 
4.1060803217583954 -4.9456652131717016 7.6603198360441711 
3.9592994634718814 -5.943387297715133 7.0000000000000018 
0.93464334257149762 0.93464334257149762 9.9122592603489519 
4.0677029021081053 -4.0927449119699553 8.1672046739215105 
1.3217850830519771 0 9.9122577005697856 
1.8861816793164572 -1.8827334181908313 9.6383418464297268 
2.0540615025982123 -0.85148237800873916 9.7496568710639515 
2.6286143989187458 -3.6793706634458356 8.9192274252185761 
2.5251018543046229 -2.5699277308982156 9.3284153039703241 
3.6522350467208309 -3.6859905030446205 8.5483713755878057 
1.8600817525332678 6.1410564478033818 7.6699101415065698 
1.3639977932524991 7.0099523661830059 7.0000000000000009 
2.063883401191668 5.0763894293948049 8.3648464222252255 
1.1576415209117379 4.4429022616658917 8.8837202568712872 
1.0538159098751749 2.0925354526551319 9.7216648475184222 
1.1644500010080026 3.2851599147100474 9.3729280659746212 
4.914567826439769 -4.0691419694544306 7.6999419940508389 
5.0497524687959148 -5.0497524695550853 6.9999999999999991 
1.9716277456175986 1.0821486499786475 9.7437999944611065 
4.472028613673964 -3.2467803127400483 8.334229279260617 
2.6203737772193656 0 9.6505691060571177 
3.1224132223666183 -1.2727315855832553 9.4143873927010695 
3.5216366398289662 -2.6515695037674867 8.9759263891647656 
3.1516884312751503 4.7517382068719369 8.215098541436971 
3.002142838452758 5.6624758660334349 7.676164761397172 
2.7145393258679693 6.6053852979241707 7 
2.5524617387062252 3.8238139011105048 8.8805059721907096 
2.2956867735615281 2.4431033949461054 9.4213092529275091 
5.5396505627637094 -3.048484398738224 7.7471939767325688 
5.9433872935904457 -3.9592994624686662 7.0000000000000009 
3.1448522620710109 1.2848019684171013 9.4052744857180226 
4.9567333798681084 -2.1179214981276155 8.4228975257134753 
3.8729771472362131 0 9.2195294856545544 
4.3447756984873287 -1.1595429940232682 8.9318746170580265 
3.8523215992848234 3.9140313396994197 8.3570315882814779 
4.0118772002752587 4.9625613224500897 7.6992094692139634 
3.9592994634718961 5.9433872977151472 7.0000000000000027 
3.7357308353892282 2.6265274003037389 8.8963851614560738 
6.1492639154439912 -1.843628205699734 7.6673064590745845 
6.6053853080718801 -2.714539331317527 7.0000000000000009 
4.3580629932486792 1.2423705948707089 8.914247150033308 
5.563282290877873 -0.95792763681118298 8.2542270864471625 
5.0576178709232469 0 8.6267108145097193 
4.6755553733090771 3.2228139699448741 8.231199916552189 
4.9017630384733675 4.1079163390268203 7.6875056075565098 
5.0497524687959139 5.0497524695550808 7.0000000000000027 
4.9968562831825718 2.1230096304725774 8.3978721944394668 
6.3970665153750543 -0.89036132773567467 7.6344480287667169 
7.0099523620905373 -1.363997792880282 7 
5.6089196663999781 0.97011452075380922 8.2218548997470275 
6.1535135032727188 0 7.8825182788921389 
5.5744342533410505 3.065502624505561 7.7154634607603132 
5.9433872935904546 3.959299462468663 7 
6.1471930238942143 1.8879846793594022 7.6581676514353285 
7.1414284285428566 0 6.9999999999999938 
6.3979725647666452 0.89000300633644736 7.6337305237482287 
6.6053853080718783 2.7145393313175212 7.0000000000000009 
7.0099523620905373 1.3639977928802705 7.0000000000000018