Nodes
249
279.87987378198403 42.948115587601059 205.7248380380029 
269.61179934628689 86.525989747032824 205.72483803800293 
252.60282813072797 127.94170905886673 205.7248380380029 
283.1559482233024 -6.935320513024019e-14 205.7248380380029 
263.32893645453555 28.600235695800173 228.77914621719324 
256.14435273309272 60.27693860738443 230.77426467235597 
229.27837678616675 166.15868533252862 205.72483803800293 
240.53189110667975 99.177925104203709 234.11140197066283 
222.28780974103984 136.73926036175135 233.2177187013294 
279.87410675770991 -42.947360988908173 205.72483803800287 
269.6117327558058 -86.526197225866014 205.72483803800282 
263.51389830210201 -27.857908947459414 228.65774054403775 
257.0119338338863 -6.2949768422468024e-14 237.57942066723115 
241.40223114054098 31.321100360995683 251.48350139232849 
200.22156816244498 200.2214140815334 205.72483803800287 
224.81575651811784 70.937429598629222 258.70012891980923 
199.08924835256258 168.7207602708622 233.23116482158616 
209.42859026528956 109.10125179278477 258.33424557487689 
197.01313835425523 140.59471047234575 252.82197432779529 
252.60272966887587 -127.94190344769201 205.72483803800293 
256.05166407806263 -59.272114329437841 231.13710603400096 
238.23499984423569 -97.891204003149909 236.98395943192173 
221.40103732166796 -133.79032415781512 235.75777788789094 
241.5181753794933 -30.264843769533897 251.50151131348304 
227.30648263550904 -5.5674031277003904e-14 266.14166065287918 
208.3243393101759 39.973844374489133 278.39371655427647 
166.15886177226477 229.27824891592479 205.7248380380029 
168.45321217980253 197.40778301818665 234.84821163924369 
186.28390183077119 84.925319150662816 283.87673044098148 
165.30269637984102 164.48328591560764 260.99859621070487 
177.01931942268607 125.79384248009411 274.48145610445579 
229.27824891592482 -166.15886177226488 205.72483803800293 
197.15516516594977 -167.71186356595317 235.58983778512649 
193.57559182352983 -140.76488404765331 255.36980571167948 
224.66590190645991 -67.918890375636195 259.63870445428444 
203.0221478217511 -107.80258456453777 263.93296545723268 
210.53941576025846 -34.543286842167817 277.45254683543408 
127.94190344769186 252.60272966887592 205.72483803800293 
194.44924064358142 -4.7626328030159074e-14 291.01392250358504 
174.81544062604331 39.176527610955162 300.67384555872229 
134.71672671596065 221.21712037650033 235.40261085057264 
142.97967666806008 193.0100579199769 254.5661595766887 
156.17111553934194 107.26075118539573 294.28848758716691 
150.08399508169683 73.388755666291502 307.55306040108036 
133.2518515752387 174.6717946057035 272.45863579815824 
139.57185566322661 142.08244980906477 287.80596686479254 
98.758297800525355 238.16609092743059 236.69328623323818 
200.22141408153328 -200.22156816244504 205.72483803800287 
168.63418032863899 -195.33282731627389 236.44787966382526 
165.60734778961657 -161.22466811173501 262.83229015923808 
177.27390276985017 -129.76481025048514 272.46111175248717 
191.35570283915138 -70.961522916240312 284.33687283984523 
171.22716640387603 -102.17517162610997 287.64820838738819 
175.07671342030326 -35.707081602410163 300.95373189476118 
59.573838394229824 255.80238575962895 231.33546467988904 
86.5261972258659 269.61173275580586 205.72483803800282 
158.89616004570667 -3.891833475935604e-14 311.85125670883065 
136.6667358063244 37.94410972173992 319.97257360822175 
107.14865883164863 202.00342171194595 264.9788341117922 
124.93322477072455 107.14637962324061 308.88726532833948 
110.10982134027364 74.928954688909656 323.66877976357307 
105.55753024680327 166.48052479177895 289.20899480003919 
105.35030280909639 137.97264496369255 303.91588135494754 
67.085309295655449 224.71006348470652 259.81714463330832 
30.178784096498671 241.01592425106838 251.99318492344239 
166.15868533252848 -229.27837678616675 205.72483803800287 
133.576204913965 -220.00802094349683 237.17897925682266 
136.37123166493936 -189.94322869975699 260.43129044970618 
130.22276110390476 -158.28931085581095 283.70147436921752 
148.22077683040101 -133.65079538208803 287.52054919523175 
153.88133468084922 -71.702706449307513 306.07067276151258 
142.44168683414998 -105.10569190841726 301.93237550864745 
135.47911962358387 -36.620262539544072 320.63119704350908 
27.914231813802747 263.43026293770754 228.74722343848356 
42.947360988908045 279.87410675770991 205.72483803800287 
121.14095766733736 -2.9670977210589942e-14 328.36696197855093 
96.322447042644299 36.568948940476929 334.4917011961669 
1.5737442105617006e-14 257.0119338338863 237.57942066723115 
70.774103911148401 189.23912679391273 285.79639449414231 
68.198786413712384 70.125375280975419 336.05261087127303 
81.14614144344749 111.82736398572646 321.57416623983312 
72.55590510926578 152.6576134340215 306.48212622338042 
33.6035717812073 210.89463095617097 277.29813305791606 
1.3918507819250976e-14 227.30648263550904 266.14166065287918 
97.346571271405566 -239.24549091454551 236.18899241657991 
127.94170905886669 -252.60282813072803 205.7248380380029 
101.12768031537456 -208.45118372590562 262.33813347910387 
109.01204019162397 -181.82301150841175 278.4901570599431 
100.01466109431442 -163.50838492828336 292.85162732061735 
110.13355078893848 -127.99624706050776 306.57390908073984 
112.74133660484243 -82.681075760522532 320.86325861905146 
96.854202736798868 -35.604220454570012 334.4422265474883 
68.555645916012551 -222.17214973871924 261.60974617455372 
1.7338301282560048e-14 283.1559482233024 205.7248380380029 
-28.691491206652138 263.23868597116461 228.87156341606351 
81.705653547483024 -2.0012113417833532e-14 340.32867223238469 
56.615460803217722 32.74167825894456 343.83523976292349 
-31.079558975976418 240.51923149262359 252.35800026164523 
36.716663458417081 174.64918968167578 301.08063233628195 
32.372907854319457 59.100529849165092 343.4517756666919 
34.930248195667467 96.944918250086289 334.48701108783456 
36.727713146259468 135.00750098086127 320.81778280816792 
1.1906582007539768e-14 194.44924064358142 291.01392250358504 
-34.983698990898759 209.15617046339554 278.44180210952732 
31.206239891870457 -240.55036870233386 252.31268439969938 
59.96366470946267 -256.0483273981983 230.96236262905734 
86.52598974703281 -269.61179934628683 205.7248380380029 
75.075231629620376 -187.13157446749011 286.08649641861297 
73.442155848225795 -151.57028229356951 306.81052666069422 
74.653359422078708 -110.7058895145413 323.529105265341 
68.377127920524174 -65.75995245388971 336.89790297744867 
58.825763585322655 -32.436808628576294 343.49291547948525 
35.760280947660107 -208.06257201344241 279.16154540641077 
-59.941798058732786 256.03571757868491 230.9820169828248 
-42.948115587601045 279.87987378198403 205.7248380380029 
41.138026047556664 -1.007591038447614e-14 347.57332569430696 
29.089030146157565 29.089030146157555 347.57395853301767 
-68.382121449888388 224.02630645921928 260.06941281175818 
2.5189775961190349e-15 41.138026047556664 347.57332569430696 
9.72958368983901e-15 158.89616004570667 311.85125670883065 
5.003028354458383e-15 81.705653547483024 340.32867223238469 
7.4177443026474856e-15 121.14095766733736 328.36696197855093 
-37.531458637507896 174.69440749026444 300.95390611215936 
-74.839380503738354 189.15150200390676 284.81709291312342 
-4.1755523457752931e-14 -227.30648263550904 266.14166065287918 
-4.7212326316851024e-14 -257.0119338338863 237.57942066723115 
28.704081645688657 -263.22351200718805 228.88743614160956 
42.948115587601023 -279.87987378198403 205.7248380380029 
29.089030146157558 -29.089030146157565 347.57395853301762 
37.688418648323996 -173.8919794610733 301.39867713528253 
38.835226360955815 -136.52838552643718 319.92471792444837 
37.845455733938266 -97.497737738348675 334.00885110456989 
32.761106802381398 -56.989100732942717 343.77165717774562 
-3.5719746022619299e-14 -194.44924064358142 291.01392250358504 
-97.953327363989388 239.96930086487484 235.20178634684365 
-86.525989747032781 269.61179934628677 205.72483803800287 
0 0 350 
-103.03543846887241 209.45268071862515 260.79354470406071 
-110.55708182338596 182.8055256799542 277.23504727860916 
-26.320998735390422 60.576718812582158 343.71160318422903 
-29.089030146157558 29.089030146157558 347.57395853301762 
-40.346447707515736 135.46298844497056 320.19047911976151 
-40.059288408780773 91.390446457879818 335.47435029881433 
-71.885961699838674 152.52824250010798 306.7043262660597 
-100.27989177620454 163.98416365528539 292.49467922618572 
-34.886326293745846 -210.94916036938525 277.09817028839734 
-30.26565217180157 -241.52269554039074 251.49707321859495 
-27.858915772809215 -263.51407101149096 228.65741884075061 
-5.201490384768014e-14 -283.1559482233024 205.7248380380029 
-7.5569327883571055e-15 -41.138026047556664 347.57332569430696 
-2.9188751069517033e-14 -158.89616004570667 311.85125670883065 
-2.2253232907942449e-14 -121.14095766733736 328.36696197855093 
-1.5009085063375146e-14 -81.705653547483024 340.32867223238469 
-35.793589259206229 -174.91446904797971 301.03778414944287 
-134.63403273469342 220.4183845778193 236.19782592076925 
-127.94170905886678 252.60282813072803 205.72483803800293 
-29.089030146157565 -29.089030146157558 347.57395853301762 
-41.138026047556664 5.0379551922380698e-15 347.57332569430696 
-136.7349293633811 189.41231194408118 260.62719577202455 
-130.3228942148682 158.48045092320228 283.54874346157624 
-57.076783091230539 55.451057731146193 340.83342123162413 
-60.692829031931247 25.490862415977695 343.75368570735424 
-79.132114701828314 111.41902766162571 322.21717629225566 
-76.954002613721727 76.529660355413725 332.7480917565303 
-109.72120515393944 128.24623934637935 306.61728462870178 
-70.745156520842414 -191.03918986491107 284.60349745672482 
-67.3817420151303 -224.52817219350936 259.89767358414014 
-59.273347962986513 -256.05205011387392 231.13636203276403 
-42.947360988908159 -279.8741067577098 205.72483803800282 
-32.434703146183111 -58.815138274807758 343.49493379311173 
-36.598843662759151 -135.47882382204733 320.63376762022989 
-35.603896098591363 -96.844744922891692 334.4449999079381 
-71.67456959068457 -153.79700354820892 306.11964617381614 
-168.65135204665165 195.43632315862894 236.35009000013591 
-166.15868533252862 229.27837678616675 205.7248380380029 
-56.987740753514821 -32.760816434928536 343.77191029856863 
-81.705653547483024 1.0006056708916766e-14 340.32867223238469 
-165.01575258876568 161.47282641964082 263.05194872043012 
-148.07256217456958 133.71074759294041 287.56903920484069 
-94.881761935002686 38.918874652323488 334.63827104487956 
-115.02814244035063 83.829629396619069 319.75165313403454 
-143.00335754936646 105.07818299739377 301.67634177637177 
-101.71040189331639 -171.07467630052605 287.90354161658081 
-107.59831679820742 -202.99688514296335 264.03573024203968 
-97.349793932428597 -238.21812216895023 237.22382656810163 
-86.526197225866028 -269.6117327558058 205.72483803800282 
-65.754081988552826 -68.356598348822885 336.90321483182731 
-82.707391762729699 -112.75650968930121 320.85114441200437 
-105.07936619266424 -142.02812018586837 302.1362935448447 
-196.19774000411044 168.40019167408883 235.89790643710597 
-200.22141408153342 200.22156816244504 205.72483803800287 
-97.344998498051581 -37.726075743947405 334.06690119851186 
-121.14095766733736 1.4835488605294971e-14 328.36696197855093 
-192.53834385845562 141.04549031376322 255.99835117905204 
-176.71571434343153 129.67492173214256 272.86621443090633 
-170.9017660488793 102.64440830068604 287.6746631282918 
-133.85066996678952 36.734800572996988 321.30134231948631 
-154.8895465164095 72.435468677152343 305.38881979774948 
-133.47959246824345 -148.053323248666 287.6863081023107 
-129.87225129079403 -177.2901807317119 272.39932114595626 
-140.76618385579346 -193.56279111750317 255.37879194929002 
-133.78514633822817 -221.40165994146571 235.76013147778508 
-127.94190344769201 -252.60272966887587 205.7248380380029 
-111.11152595456517 -74.568432297292162 323.40961288244381 
-127.96211326621093 -109.56200714455916 306.79286849420242 
-221.20332726768214 134.25349543630134 235.68005212330067 
-229.27824891592485 166.1588617722648 205.7248380380029 
-136.59149630513355 -38.585922458556176 319.92794458306849 
-158.89616004570667 1.945916737967802e-14 311.85125670883065 
-202.37006165254996 108.4935134936658 264.15055494271235 
-191.85595670932577 71.18091685763001 283.94465825307662 
-174.41971280863058 36.311869668567525 301.26269584023822 
-158.35686775788193 -130.30690418295839 283.62512786452118 
-160.98485722924258 -165.66101518972192 262.94543880659165 
-167.80678488448768 -197.07353068907486 235.59054830037965 
-166.15886177226486 -229.27824891592476 205.72483803800287 
-151.42473492264531 -72.246868126911863 307.16598070010826 
-163.08273897028465 -99.831613497086764 293.15127357137357 
-238.09172391516643 97.628421542445452 237.23621627027086 
-252.6027296688759 127.94190344769183 205.7248380380029 
-174.53147220415184 -37.247335191908839 301.08371133515834 
-194.44924064358142 2.3813164015079537e-14 291.01392250358504 
-224.41263580199401 68.297743441218259 259.75832447342106 
-210.70569755167105 34.320482032393947 277.35394991297284 
-181.82103533478235 -110.136055342584 278.04884539117063 
-189.25928271787146 -136.71917984174405 260.74660068449151 
-195.09446214158945 -168.89493569933259 236.4585619866665 
-200.22156816244507 -200.22141408153331 205.72483803800287 
-187.54613209235507 -74.898771965996431 285.86119410508064 
-255.99726264045626 59.343818755792512 231.17896248593405 
-269.6117327558058 86.526197225865886 205.72483803800276 
-208.44047645507021 -35.772110041093562 278.87797316817836 
-227.30648263550904 2.7837015638501952e-14 266.14166065287918 
-241.05845796123822 30.409562941867797 251.92474734935146 
-209.02500086143604 -102.03582633706847 261.52865838869025 
-220.0781946716759 -134.39580886731872 236.65027950322624 
-229.27837678616686 -166.15868533252853 205.72483803800293 
-222.72708721239022 -68.574076537778808 261.13261123206195 
-263.43116193686222 27.912473284648836 228.7464027164765 
-279.87410675770991 42.947360988908045 205.72483803800287 
-240.53931046573291 -31.206977457458297 252.32313544072704 
-257.0119338338863 3.1474884211234012e-14 237.57942066723115 
-239.11205832891224 -97.65409007964972 236.19716817190368 
-252.60282813072803 -127.94170905886671 205.72483803800287 
-256.05955584581812 -59.954559050992614 230.95227799059134 
-283.1559482233024 3.4676602565120095e-14 205.7248380380029 
-263.23870234899647 -28.691364953189147 228.87156040613547 
-269.61179934628677 -86.525989747032781 205.72483803800287 
-279.87987378198403 -42.948115587601023 205.7248380380029 
Elements
456
0 3 4 
1 0 5 
5 0 4 
2 1 7 
7 1 5 
6 2 8 
8 2 7 
3 9 11 
12 3 11 
3 12 4 
4 12 13 
5 4 13 
7 5 15 
13 15 5 
14 6 16 
16 6 8 
8 7 17 
17 7 15 
16 8 18 
18 8 17 
9 10 20 
11 9 20 
10 19 21 
20 10 21 
21 19 22 
23 12 11 
23 11 20 
24 12 23 
12 24 13 
13 24 25 
13 25 15 
26 14 27 
27 14 16 
15 25 28 
17 15 28 
27 16 29 
29 16 18 
29 18 30 
18 17 30 
17 28 30 
19 31 22 
22 31 32 
22 32 33 
20 21 34 
20 34 23 
21 22 35 
34 21 35 
35 22 33 
36 24 23 
36 23 34 
38 24 36 
24 38 25 
25 38 39 
25 39 28 
37 26 40 
40 26 27 
40 27 41 
41 27 29 
28 42 30 
28 39 43 
28 43 42 
41 29 44 
29 30 45 
29 45 44 
45 30 42 
46 37 40 
31 47 32 
32 47 48 
32 48 49 
33 32 49 
35 33 50 
33 49 50 
51 36 34 
51 34 35 
52 51 35 
35 50 52 
53 38 36 
53 36 51 
55 37 46 
54 55 46 
56 38 53 
38 56 39 
39 56 57 
39 57 43 
46 40 58 
58 40 41 
58 41 44 
42 43 59 
42 59 45 
43 57 60 
43 60 59 
58 44 61 
45 61 44 
62 61 45 
62 45 59 
54 46 63 
46 58 63 
63 64 54 
47 65 48 
48 65 66 
48 66 67 
49 48 67 
49 67 68 
49 68 69 
49 69 50 
50 69 52 
70 53 51 
70 51 52 
71 70 52 
71 52 69 
72 56 53 
72 53 70 
64 73 54 
74 55 54 
74 54 73 
75 56 72 
56 75 57 
57 75 76 
57 76 60 
64 77 73 
78 63 58 
61 78 58 
60 76 79 
60 79 80 
59 60 80 
80 62 59 
80 81 62 
81 78 61 
81 61 62 
82 64 63 
78 82 63 
83 77 64 
82 83 64 
65 85 66 
66 85 84 
66 84 86 
67 66 86 
67 86 87 
67 87 68 
88 68 87 
69 68 89 
88 89 68 
69 89 71 
90 72 70 
90 70 71 
90 71 89 
91 75 72 
91 72 90 
86 84 92 
77 93 73 
93 74 73 
93 77 94 
95 75 91 
75 95 76 
76 95 96 
76 96 79 
77 83 97 
77 97 94 
98 82 78 
81 98 78 
79 96 99 
99 100 79 
100 80 79 
100 101 80 
101 98 81 
80 101 81 
102 83 82 
98 102 82 
83 102 103 
97 83 103 
84 105 92 
92 105 104 
85 106 84 
84 106 105 
86 92 107 
87 86 107 
107 88 87 
107 108 88 
88 108 89 
108 109 89 
89 109 90 
91 90 110 
109 110 90 
95 91 111 
111 91 110 
104 112 92 
112 107 92 
113 94 97 
114 93 94 
113 114 94 
115 95 111 
95 115 96 
115 116 96 
116 99 96 
97 103 117 
117 113 97 
116 118 99 
119 102 98 
101 119 98 
118 120 99 
120 100 99 
120 121 100 
121 119 101 
100 121 101 
102 119 122 
103 102 122 
103 122 123 
103 123 117 
104 124 112 
125 124 104 
125 104 126 
105 126 104 
106 127 105 
105 127 126 
128 115 111 
112 129 107 
107 129 108 
129 130 108 
108 130 109 
130 131 109 
109 131 110 
128 111 132 
131 132 110 
110 132 111 
124 133 112 
112 133 129 
134 113 117 
135 114 113 
134 135 113 
136 115 128 
136 116 115 
136 118 116 
137 134 117 
137 117 123 
138 137 123 
120 118 139 
118 140 139 
136 140 118 
119 121 141 
122 119 141 
121 120 142 
141 121 142 
142 120 139 
122 141 143 
123 122 143 
123 143 144 
123 144 138 
133 124 145 
124 125 146 
145 124 146 
146 125 147 
125 148 147 
127 148 126 
148 125 126 
149 128 132 
136 128 149 
133 150 129 
129 150 130 
150 151 130 
130 151 131 
151 152 131 
152 149 132 
131 152 132 
150 133 153 
153 133 145 
154 134 137 
155 135 134 
154 155 134 
136 149 156 
136 156 157 
136 157 140 
158 154 137 
158 137 138 
158 138 159 
144 159 138 
139 140 160 
142 139 160 
140 157 161 
140 161 160 
141 142 162 
143 141 162 
162 142 163 
142 160 163 
143 162 164 
144 143 164 
144 164 159 
153 145 165 
145 146 166 
165 145 166 
146 147 167 
167 166 146 
148 168 147 
147 168 167 
156 149 169 
149 152 169 
151 150 170 
170 150 153 
152 151 171 
152 171 169 
171 151 170 
170 153 172 
172 153 165 
173 154 158 
174 155 154 
173 174 154 
157 156 175 
156 169 175 
176 157 175 
157 176 161 
177 173 158 
177 158 159 
177 159 178 
178 159 164 
176 179 161 
160 161 179 
160 179 163 
179 180 163 
162 163 180 
164 162 180 
180 181 164 
178 164 181 
172 165 182 
165 166 183 
182 165 183 
167 184 166 
166 184 183 
168 185 167 
167 185 184 
186 175 169 
169 171 186 
171 170 187 
171 187 186 
187 170 172 
187 172 188 
188 172 182 
189 173 177 
190 174 173 
189 190 173 
191 176 175 
191 175 186 
192 176 191 
176 192 179 
193 189 177 
193 177 194 
177 178 194 
181 195 178 
194 178 195 
179 192 196 
179 196 180 
196 197 180 
180 197 181 
197 195 181 
188 182 198 
183 199 182 
199 198 182 
183 200 199 
184 201 183 
183 201 200 
185 202 184 
184 202 201 
203 191 186 
203 186 187 
204 203 187 
187 188 204 
198 204 188 
205 189 193 
206 190 189 
205 206 189 
207 192 191 
207 191 203 
208 192 207 
192 208 196 
209 205 193 
209 193 194 
209 194 195 
197 210 195 
195 210 209 
196 208 211 
196 211 197 
197 211 210 
198 212 204 
200 213 199 
213 212 198 
213 198 199 
201 214 200 
200 214 213 
202 215 201 
201 215 214 
216 207 203 
216 203 204 
217 216 204 
217 204 212 
218 205 209 
219 206 205 
218 219 205 
220 208 207 
220 207 216 
221 208 220 
208 221 211 
218 209 222 
210 222 209 
211 221 223 
211 223 210 
210 223 222 
217 212 224 
213 225 212 
225 224 212 
214 226 213 
213 226 225 
215 227 214 
214 227 226 
228 220 216 
228 216 217 
228 217 224 
229 218 222 
230 219 218 
229 230 218 
231 221 220 
231 220 228 
232 221 231 
221 232 223 
223 232 233 
223 233 222 
222 233 229 
225 234 224 
224 234 228 
226 235 225 
225 235 234 
227 236 226 
226 236 235 
231 228 237 
234 237 228 
233 238 229 
239 230 229 
239 229 238 
240 232 231 
240 231 237 
241 232 240 
232 241 233 
233 241 238 
235 242 234 
234 242 237 
236 243 235 
235 243 242 
242 244 237 
237 244 240 
241 245 238 
245 239 238 
245 241 246 
241 240 246 
244 246 240 
243 247 242 
242 247 244 
247 248 244 
248 245 246 
244 248 246 
Concentrations
249
0.0 0.0 0.0 0.0 0.0
0.0 0.0 0.0 0.0 0.0
0.0 0.0 0.0 0.0 0.0
0.0 0.0 0.0 0.0 0.0
0.0 0.0 0.0 0.0 0.0
0.0 0.0 0.0 0.0 0.0
0.0 0.0 0.0 0.0 0.0
0.0 0.0 0.0 0.0 0.0
0.0 0.0 0.0 0.0 0.0
0.0 0.0 0.0 0.0 0.0
0.0 0.0 0.0 0.0 0.0
0.0 0.0 0.0 0.0 0.0
0.0 0.0 0.0 0.0 0.0
0.0 0.0 0.0 0.0 0.0
0.0 0.0 0.0 0.0 0.0
0.0 0.0 0.0 0.0 0.0
0.0 0.0 0.0 0.0 0.0
0.0 0.0 0.0 0.0 0.0
0.0 0.0 0.0 0.0 0.0
0.0 0.0 0.0 0.0 0.0
0.0 0.0 0.0 0.0 0.0
0.0 0.0 0.0 0.0 0.0
0.0 0.0 0.0 0.0 0.0
0.0 0.0 0.0 0.0 0.0
0.0 0.0 0.0 0.0 0.0
0.0 0.0 0.0 0.0 0.0
0.0 0.0 0.0 0.0 0.0
0.0 0.0 0.0 0.0 0.0
0.0 0.0 0.0 0.0 0.0
0.0 0.0 0.0 0.0 0.0
0.0 0.0 0.0 0.0 0.0
0.0 0.0 0.0 0.0 0.0
0.0 0.0 0.0 0.0 0.0
0.0 0.0 0.0 0.0 0.0
0.0 0.0 0.0 0.0 0.0
0.0 0.0 0.0 0.0 0.0
0.0 0.0 0.0 0.0 0.0
0.0 0.0 0.0 0.0 0.0
0.0 0.0 0.0 0.0 0.0
0.0 0.0 0.0 0.0 0.0
0.0 0.0 0.0 0.0 0.0
0.0 0.0 0.0 0.0 0.0
0.0 0.0 0.0 0.0 0.0
0.0 0.0 0.0 0.0 0.0
0.0 0.0 0.0 0.0 0.0
0.0 0.0 0.0 0.0 0.0
0.0 0.0 0.0 0.0 0.0
0.0 0.0 0.0 0.0 0.0
0.0 0.0 0.0 0.0 0.0
0.0 0.0 0.0 0.0 0.0
0.0 0.0 0.0 0.0 0.0
0.0 0.0 0.0 0.0 0.0
0.0 0.0 0.0 0.0 0.0
0.0 0.0 0.0 0.0 0.0
0.0 0.0 0.0 0.0 0.0
0.0 0.0 0.0 0.0 0.0
0.0 0.0 0.0 0.0 0.0
0.0 0.0 0.0 0.0 0.0
0.0 0.0 0.0 0.0 0.0
0.0 0.0 0.0 0.0 0.0
0.0 0.0 0.0 0.0 0.0
0.0 0.0 0.0 0.0 0.0
0.0 0.0 0.0 0.0 0.0
0.0 0.0 0.0 0.0 0.0
0.0 0.0 0.0 0.0 0.0
0.0 0.0 0.0 0.0 0.0
0.0 0.0 0.0 0.0 0.0
0.0 0.0 0.0 0.0 0.0
0.0 0.0 0.0 0.0 0.0
0.0 0.0 0.0 0.0 0.0
0.0 0.0 0.0 0.0 0.0
0.0 0.0 0.0 0.0 0.0
0.0 0.0 0.0 0.0 0.0
0.0 0.0 0.0 0.0 0.0
0.0 0.0 0.0 0.0 0.0
0.0 0.0 0.0 0.0 0.0
0.0 0.0 0.0 0.0 0.0
0.0 0.0 0.0 0.0 0.0
0.0 0.0 0.0 0.0 0.0
0.0 0.0 0.0 0.0 0.0
0.0 0.0 0.0 0.0 0.0
0.0 0.0 0.0 0.0 0.0
0.0 0.0 0.0 0.0 0.0
0.0 0.0 0.0 0.0 0.0
0.0 0.0 0.0 0.0 0.0
0.0 0.0 0.0 0.0 0.0
0.0 0.0 0.0 0.0 0.0
0.0 0.0 0.0 0.0 0.0
0.0 0.0 0.0 0.0 0.0
0.0 0.0 0.0 0.0 0.0
0.0 0.0 0.0 0.0 0.0
0.0 0.0 0.0 0.0 0.0
0.0 0.0 0.0 0.0 0.0
0.0 0.0 0.0 0.0 0.0
0.0 0.0 0.0 0.0 0.0
0.0 0.0 0.0 0.0 0.0
0.0 0.0 0.0 0.0 0.0
0.0 0.0 0.0 0.0 0.0
0.0 0.0 0.0 0.0 0.0
0.0 0.0 0.0 0.0 0.0
0.0 0.0 0.0 0.0 0.0
0.0 0.0 0.0 0.0 0.0
0.0 0.0 0.0 0.0 0.0
0.0 0.0 0.0 0.0 0.0
0.0 0.0 0.0 0.0 0.0
0.0 0.0 0.0 0.0 0.0
0.0 0.0 0.0 0.0 0.0
0.0 0.0 0.0 0.0 0.0
0.0 0.0 0.0 0.0 0.0
0.0 0.0 0.0 0.0 0.0
0.0 0.0 0.0 0.0 0.0
0.0 0.0 0.0 0.0 0.0
0.0 0.0 0.0 0.0 0.0
0.0 0.0 0.0 0.0 0.0
0.0 0.0 0.0 0.0 0.0
0.0 0.0 0.0 0.0 0.0
0.0 0.0 0.0 0.0 0.0
0.0 0.0 0.0 0.0 0.0
0.0 0.0 0.0 0.0 0.0
0.0 0.0 0.0 0.0 0.0
0.0 0.0 0.0 0.0 0.0
0.0 0.0 0.0 0.0 0.0
0.0 0.0 0.0 0.0 0.0
0.0 0.0 0.0 0.0 0.0
0.0 0.0 0.0 0.0 0.0
0.0 0.0 0.0 0.0 0.0
0.0 0.0 0.0 0.0 0.0
0.0 0.0 0.0 0.0 0.0
0.0 0.0 0.0 0.0 0.0
0.0 0.0 0.0 0.0 0.0
0.0 0.0 0.0 0.0 0.0
0.0 0.0 0.0 0.0 0.0
0.0 0.0 0.0 0.0 0.0
0.0 0.0 0.0 0.0 0.0
0.0 0.0 0.0 0.0 0.0
0.0 0.0 0.0 0.0 0.0
0.0 0.0 0.0 0.0 0.0
0.0 0.0 0.0 0.0 0.0
0.0 0.0 0.0 0.0 0.0
0.0 0.0 0.0 0.0 0.0
0.0 0.0 0.0 0.0 0.0
0.0 0.0 0.0 0.0 0.0
0.0 0.0 0.0 0.0 0.0
0.0 0.0 0.0 0.0 0.0
0.0 0.0 0.0 0.0 0.0
0.0 0.0 0.0 0.0 0.0
0.0 0.0 0.0 0.0 0.0
0.0 0.0 0.0 0.0 0.0
0.0 0.0 0.0 0.0 0.0
0.0 0.0 0.0 0.0 0.0
0.0 0.0 0.0 0.0 0.0
0.0 0.0 0.0 0.0 0.0
0.0 0.0 0.0 0.0 0.0
0.0 0.0 0.0 0.0 0.0
0.0 0.0 0.0 0.0 0.0
0.0 0.0 0.0 0.0 0.0
0.0 0.0 0.0 0.0 0.0
0.0 0.0 0.0 0.0 0.0
0.0 0.0 0.0 0.0 0.0
0.0 0.0 0.0 0.0 0.0
0.0 0.0 0.0 0.0 0.0
0.0 0.0 0.0 0.0 0.0
0.0 0.0 0.0 0.0 0.0
0.0 0.0 0.0 0.0 0.0
0.0 0.0 0.0 0.0 0.0
0.0 0.0 0.0 0.0 0.0
0.0 0.0 0.0 0.0 0.0
0.0 0.0 0.0 0.0 0.0
0.0 0.0 0.0 0.0 0.0
0.0 0.0 0.0 0.0 0.0
0.0 0.0 0.0 0.0 0.0
0.0 0.0 0.0 0.0 0.0
0.0 0.0 0.0 0.0 0.0
0.0 0.0 0.0 0.0 0.0
0.0 0.0 0.0 0.0 0.0
0.0 0.0 0.0 0.0 0.0
0.0 0.0 0.0 0.0 0.0
0.0 0.0 0.0 0.0 0.0
0.0 0.0 0.0 0.0 0.0
0.0 0.0 0.0 0.0 0.0
0.0 0.0 0.0 0.0 0.0
0.0 0.0 0.0 0.0 0.0
0.0 0.0 0.0 0.0 0.0
0.0 0.0 0.0 0.0 0.0
0.0 0.0 0.0 0.0 0.0
0.0 0.0 0.0 0.0 0.0
0.0 0.0 0.0 0.0 0.0
0.0 0.0 0.0 0.0 0.0
0.0 0.0 0.0 0.0 0.0
0.0 0.0 0.0 0.0 0.0
0.0 0.0 0.0 0.0 0.0
0.0 0.0 0.0 0.0 0.0
0.0 0.0 0.0 0.0 0.0
0.0 0.0 0.0 0.0 0.0
0.0 0.0 0.0 0.0 0.0
0.0 0.0 0.0 0.0 0.0
0.0 0.0 0.0 0.0 0.0
0.0 0.0 0.0 0.0 0.0
0.0 0.0 0.0 0.0 0.0
0.0 0.0 0.0 0.0 0.0
0.0 0.0 0.0 0.0 0.0
0.0 0.0 0.0 0.0 0.0
0.0 0.0 0.0 0.0 0.0
0.0 0.0 0.0 0.0 0.0
0.0 0.0 0.0 0.0 0.0
0.0 0.0 0.0 0.0 0.0
0.0 0.0 0.0 0.0 0.0
0.0 0.0 0.0 0.0 0.0
0.0 0.0 0.0 0.0 0.0
0.0 0.0 0.0 0.0 0.0
0.0 0.0 0.0 0.0 0.0
0.0 0.0 0.0 0.0 0.0
0.0 0.0 0.0 0.0 0.0
0.0 0.0 0.0 0.0 0.0
0.0 0.0 0.0 0.0 0.0
0.0 0.0 0.0 0.0 0.0
0.0 0.0 0.0 0.0 0.0
0.0 0.0 0.0 0.0 0.0
0.0 0.0 0.0 0.0 0.0
0.0 0.0 0.0 0.0 0.0
0.0 0.0 0.0 0.0 0.0
0.0 0.0 0.0 0.0 0.0
0.0 0.0 0.0 0.0 0.0
0.0 0.0 0.0 0.0 0.0
0.0 0.0 0.0 0.0 0.0
0.0 0.0 0.0 0.0 0.0
0.0 0.0 0.0 0.0 0.0
0.0 0.0 0.0 0.0 0.0
0.0 0.0 0.0 0.0 0.0
0.0 0.0 0.0 0.0 0.0
0.0 0.0 0.0 0.0 0.0
0.0 0.0 0.0 0.0 0.0
0.0 0.0 0.0 0.0 0.0
0.0 0.0 0.0 0.0 0.0
0.0 0.0 0.0 0.0 0.0
0.0 0.0 0.0 0.0 0.0
0.0 0.0 0.0 0.0 0.0
0.0 0.0 0.0 0.0 0.0
0.0 0.0 0.0 0.0 0.0
0.0 0.0 0.0 0.0 0.0
0.0 0.0 0.0 0.0 0.0
0.0 0.0 0.0 0.0 0.0
0.0 0.0 0.0 0.0 0.0
0.0 0.0 0.0 0.0 0.0
0.0 0.0 0.0 0.0 0.0
0.0 0.0 0.0 0.0 0.0
0.0 0.0 0.0 0.0 0.0
0.0 0.0 0.0 0.0 0.0
0.0 0.0 0.0 0.0 0.0