Nodes
1604
10 0
9.5 0
9.998010727705235 0.1994529736329803
9.992043702261793 0.3988265940110491
9.982101297677351 0.5980415394503417
9.96818746958191 0.7970185513965249
9.950307753654014 0.9956784659581668
9.928469263418373 1.193942245402444
9.902680687415703 1.391731009600655
9.872952285745956 1.588966067411033
9.839295885986296 1.785568947986367
9.801724878485437 1.981461431993976
9.760254211036244 2.176565582735623
9.714900382928674 2.370803777154975
9.665681438385471 2.564098736720283
9.612616959383189 2.756373558169992
9.555728057861407 2.947551744109042
9.495037367323263 3.137557233443704
9.430569033830604 3.32631443164282
9.362348706397372 3.513748240813426
9.290403526785026 3.699784089578788
9.214762118704076 3.884347962746947
9.13545457642601 4.067366430758002
9.052512452810147 4.248766678898384
8.965968746750208 4.428476536270515
8.875857890045541 4.606424504506323
8.782215733702285 4.782539786213182
8.685079533669889 4.956752313140976
8.584487936018661 5.128992774059062
8.480480961564259 5.299192642332049
8.373099989945235 5.467284203183435
8.262387743159948 5.63320058063622
8.14838826856945 5.796875764119822
8.031146921373018 5.958244634732673
7.910710346563413 6.117242991150063
7.78712646036894 6.273807575166925
7.66044443118978 6.427876096865393
7.53071466003611 6.579387259397126
7.39798876047584 6.728280783370529
7.262319538099931 6.874497430833181
7.123760969513448 7.017979028839914
6.982368180860728 7.158668492597185
6.838197425893203 7.296509848174509
6.691306063588583 7.431448254773941
6.541752535330345 7.563430026548735
6.38959634165656 7.692402653962487
6.234898018587335 7.818314824680296
6.0777191135403 7.941116443983612
5.918122160843678 8.060758654700621
5.756170656856737 8.177193856644312
5.591929034707469 8.290375725550415
5.425462638657596 8.400259231507713
5.256837698105047 8.506800656873395
5.086121301234316 8.609957613666314
4.913381368325116 8.709689060431241
4.738686624729987 8.80595531856738
4.562106573531631 8.898718088114686
4.383711467890777 8.98794046299167
4.203572283095657 9.073586945678647
4.021760688324177 9.155623461340589
3.838349018130004 9.234017371383944
3.653410243663952 9.308737486442041
3.467017943642074 9.379754078783936
3.279246275072045 9.447038894141704
3.090169943749475 9.510565162951535
2.899864174535863 9.570307611004123
2.708404681430054 9.62624246950012
2.515867637445088 9.678347484506665
2.322329644302428 9.726601925811201
2.127867701955624 9.770986595169092
1.932559177955537 9.811483833941725
1.736481776669306 9.84807753012208
1.53971350836534 9.88075312474496
1.34233265817656 9.909497617679348
1.144417754954322 9.934299572800555
0.9460475400253742 9.955149122540151
0.747300935864246 9.972037971811801
0.5482570146936048 9.984959401311517
0.3489949670250153 9.993908270190957
0.1495940701526405 9.998881018102734
-0.04986634338757742 9.999875666616919
-0.2493069173807247 9.996891820008162
-0.4486483035051442 9.989930665413148
-0.6478111929015147 9.978994972358263
-0.8467163477262274 9.96408909165776
-1.045284632676529 9.945218953682733
-1.243437046474849 9.92239206600172
-1.441094753299798 9.89561751039377
-1.638179114151373 9.864905939235216
-1.834611718137818 9.830269571261583
-2.030314413671755 9.791722186706316
-2.225209339563139 9.749279121818237
-2.419218955996673 9.702957262759966
-2.612266075381378 9.652775038889676
-2.804273893060024 9.598752415428892
-2.995166017866188 9.540910885519244
-3.184866502516839 9.479273461671319
-3.373299873828294 9.413864666609035
-3.560391162743564 9.344710523513157
-3.746065934159116 9.271838545667876
-3.930250316539232 9.195277725514508
-4.11287103130611 9.115058523116733
-4.293855421994085 9.03121285404192
-4.473131483156322 8.94377407666337
-4.650627889012501 8.852776978888553
-4.826274021826103 8.758257764318568
-4.999999999999994 8.660254037844389
-5.17173670587912 8.558804790685588
-5.341415813249284 8.453950384877503
-5.508969814521021 8.34573253721303
-5.674332047587813 8.234194302645395
-5.837436722347896 8.119380057158565
-5.998218946879134 8.001335480112065
-6.156614753256578 7.880107536067222
-6.312561123002385 7.755744456102126
-6.465996012157992 7.628295718622669
-6.616858375968592 7.497812029677345
-6.765088193170049 7.364345302783622
-6.910626489868643 7.227948638273919
-7.053415363004084 7.088676302169395
-7.193398003386506 6.946583704589978
-7.330518718298261 6.801727377709197
-7.464722953651501 6.654164953262612
-7.59595731569278 6.503955139618764
-7.724169592245994 6.35115769842179
-7.849308773485223 6.195833420814983
-7.971325072229222 6.038044103254777
-8.090169943749473 5.877852522924733
-8.205796105083914 5.715322412759377
-8.318157553848687 5.550518436087751
-8.427209586540393 5.383506160906824
-8.532908816321553 5.214352033794984
-8.635213190282307 5.043123353475943
-8.734082006171294 4.869888244043679
-8.829475928589265 4.694715627858915
-8.921357004638832 4.517675198128087
-9.009688679024187 4.33883739117559
-9.094435808594817 4.158273358420334
-9.175564676327335 3.97605493806789
-9.253043004739967 3.792254626529288
-9.326839968734273 3.606945549578044
-9.396926207859082 3.420201433256693
-9.463273837991641 3.232096574544602
-9.525856462431459 3.042705811798571
-9.584649182402355 2.852104494978025
-9.63962860695853 2.66036845566676
-9.690772862290777 2.467573976902947
-9.738061600429061 2.273797762829622
-9.781476007338053 2.079116908177606
-9.820998810402386 1.883608867592979
-9.856614285298628 1.687351424821465
-9.888308262251282 1.49042266176176
-9.916068131670301 1.292900927400349
-9.93988284916785 1.094864806639983
-9.95974293995239 0.8963930890343451
-9.975640502598241 0.6975647374412685
-9.987569212189223 0.4984588566069837
-9.995524322835033 0.2991546616939976
-9.99950266955943 0.09973144676493997
-9.99950266955943 -0.09973144676491533
-9.995524322835035 -0.2991546616939685
-9.987569212189225 -0.4984588566069547
-9.975640502598244 -0.697564737441235
-9.959742939952392 -0.8963930890343206
-9.939882849167853 -1.094864806639959
-9.916068131670304 -1.29290092740032
-9.888308262251286 -1.490422661761736
-9.856614285298633 -1.687351424821436
-9.820998810402392 -1.883608867592954
-9.78147600733806 -2.079116908177578
-9.738061600429067 -2.273797762829598
-9.690772862290784 -2.467573976902923
-9.639628606958539 -2.660368455666733
-9.584649182402362 -2.852104494978001
-9.525856462431468 -3.042705811798543
-9.463273837991649 -3.232096574544579
-9.39692620785909 -3.42020143325667
-9.326839968734285 -3.606945549578013
-9.253043004739975 -3.792254626529265
-9.175564676327348 -3.976054938067863
-9.094435808594827 -4.158273358420312
-9.009688679024201 -4.33883739117556
-8.921357004638843 -4.517675198128065
-8.829475928589281 -4.694715627858889
-8.73408200617131 -4.869888244043653
-8.63521319028232 -5.043123353475922
-8.532908816321569 -5.21435203379496
-8.427209586540405 -5.383506160906802
-8.318157553848701 -5.55051843608773
-8.20579610508393 -5.715322412759352
-8.09016994374949 -5.877852522924708
-7.971325072229243 -6.038044103254751
-7.849308773485241 -6.195833420814961
-7.724169592246016 -6.351157698421764
-7.595957315692799 -6.503955139618743
-7.464722953651518 -6.654164953262592
-7.33051871829828 -6.801727377709176
-7.193398003386529 -6.946583704589954
-7.053415363004111 -7.088676302169368
-6.910626489868667 -7.227948638273896
-6.765088193170071 -7.364345302783603
-6.616858375968614 -7.497812029677324
-6.465996012158014 -7.628295718622651
-6.312561123002408 -7.755744456102108
-6.156614753256601 -7.880107536067205
-5.998218946879157 -8.001335480112047
-5.83743672234792 -8.119380057158549
-5.674332047587841 -8.234194302645378
-5.508969814521048 -8.34573253721301
-5.341415813249312 -8.453950384877485
-5.171736705879152 -8.558804790685569
-5.000000000000027 -8.660254037844371
-4.826274021826137 -8.75825776431855
-4.650627889012535 -8.852776978888535
-4.473131483156357 -8.943774076663352
-4.293855421994123 -9.031212854041902
-4.112871031306148 -9.115058523116717
-3.93025031653927 -9.195277725514492
-3.746065934159156 -9.27183854566786
-3.560391162743604 -9.344710523513141
-3.373299873828338 -9.413864666609019
-3.184866502516883 -9.479273461671305
-2.995166017866233 -9.54091088551923
-2.804273893060069 -9.598752415428878
-2.612266075381426 -9.652775038889663
-2.419218955996721 -9.702957262759954
-2.225209339563189 -9.749279121818226
-2.030314413671808 -9.791722186706306
-1.834611718137871 -9.830269571261574
-1.638179114151417 -9.864905939235207
-1.441094753299842 -9.895617510393764
-1.243437046474894 -9.922392066001715
-1.045284632676587 -9.945218953682728
-0.8467163477262764 -9.964089091657755
-0.6478111929015637 -9.978994972358262
-0.4486483035051955 -9.989930665413144
-0.249306917380776 -9.996891820008161
-0.0498663433876376 -9.999875666616918
0.149594070152587 -9.998881018102734
0.3489949670249506 -9.993908270190961
0.548257014693549 -9.984959401311521
0.7473009358641904 -9.972037971811806
0.9460475400253098 -9.955149122540156
1.144417754954266 -9.934299572800562
1.342332658176491 -9.909497617679357
1.53971350836528 -9.88075312474497
1.736481776669247 -9.84807753012209
1.932559177955476 -9.811483833941738
2.127867701955564 -9.770986595169106
2.322329644302367 -9.726601925811217
2.515867637445026 -9.678347484506681
2.708404681429991 -9.626242469500138
2.899864174535801 -9.570307611004141
3.090169943749422 -9.510565162951552
3.279246275071983 -9.447038894141727
3.467017943642009 -9.379754078783959
3.653410243663888 -9.308737486442066
3.83834901812994 -9.23401737138397
4.02176068832412 -9.155623461340616
4.2035722830956 -9.073586945678674
4.38371146789071 -8.987940462991702
4.562106573531565 -8.89871808811472
4.73868662472993 -8.80595531856741
4.913381368325065 -8.709689060431268
5.086121301234266 -8.609957613666344
5.25683769810499 -8.50680065687343
5.425462638657544 -8.400259231507746
5.591929034707418 -8.290375725550451
5.756170656856693 -8.177193856644344
5.918122160843634 -8.060758654700653
6.077719113540256 -7.941116443983645
6.234898018587291 -7.818314824680332
6.389596341656523 -7.692402653962517
6.541752535330309 -7.563430026548767
6.691306063588539 -7.431448254773981
6.838197425893164 -7.296509848174543
6.982368180860692 -7.15866849259722
7.123760969513418 -7.017979028839944
7.2623195380999 -6.874497430833213
7.397988760475803 -6.728280783370569
7.530714660036079 -6.579387259397161
7.660444431189751 -6.427876096865429
7.787126460368916 -6.273807575166956
7.910710346563388 -6.117242991150096
8.031146921372994 -5.958244634732708
8.148388268569423 -5.796875764119857
8.262387743159929 -5.63320058063625
8.373099989945214 -5.467284203183464
8.480480961564245 -5.299192642332073
8.584487936018641 -5.128992774059093
8.685079533669871 -4.95675231314101
8.782215733702271 -4.782539786213209
8.875857890045527 -4.606424504506351
8.965968746750196 -4.428476536270537
9.052512452810133 -4.248766678898415
9.135454576426 -4.067366430758026
9.214762118704066 -3.884347962746972
9.290403526785019 -3.699784089578806
9.362348706397366 -3.513748240813446
9.430569033830597 -3.32631443164284
9.495037367323256 -3.137557233443725
9.555728057861403 -2.947551744109056
9.612616959383185 -2.756373558170007
9.665681438385466 -2.564098736720308
9.71490038292867 -2.370803777154991
9.760254211036241 -2.176565582735641
9.801724878485436 -1.981461431993986
9.839295885986294 -1.785568947986378
9.872952285745955 -1.588966067411054
9.902680687415701 -1.391731009600668
9.928469263418371 -1.193942245402458
9.950307753654013 -0.9956784659581729
9.968187469581908 -0.7970185513965322
9.98210129767735 -0.5980415394503589
9.992043702261793 -0.3988265940110585
9.998010727705234 -0.1994529736329906
9.480873426482901 0.6025272367373633
9.423570721892556 1.202628308950619
9.328322623995714 1.797886821423898
9.195512663265385 2.385905878220254
9.02567561853898 2.96431773413563
8.819495363652688 3.530793328773115
8.5778021137229 4.083051664847133
8.301569082162956 4.618868992954456
7.991908561896218 5.136087765828181
7.650067446545054 5.632625326019088
7.277422209630288 6.106482292022127
6.875473361998163 6.555750609080069
6.44583940979275 6.978621232246572
5.990250337302958 7.373391410771695
5.510540640926376 7.738471544478194
5.008641942299766 8.072391584520391
4.486575210340477 8.373806952752034
3.946442623517912 8.641503955867929
3.390419105122773 8.874404672518518
2.8207435656186 9.071571293718707
2.239709887339547 9.232209899073649
1.649657687835826 9.355673653615979
1.052962899059591 9.441465412381916
0.4520282003255381 9.489239722238576
-0.150726656430691 9.498804212901813
-0.7528745901395059 9.47012037154345
-1.351990963596226 9.403303697868859
-1.945663346619326 9.298623239040396
-2.531501230055349 9.156500506319444
-3.107145651515524 8.977507777789343
-3.67027869408474 8.762365793993515
-4.218632819754873 8.511940855767682
-4.75000000000002 8.227241335952154
-5.262240606728069 7.909413619030314
-5.753292027807855 7.55973748504289
-6.22117697248023 7.179620956365435
-6.664011433210071 6.770594628099179
-7.080012271919689 6.33430550490475
-7.4675044000565 5.872510369095725
-7.824927523583427 5.387068706696299
-8.1508424257323 4.87993521994733
-8.44393676222179 4.353151956410366
-8.703030345604677 3.808840086362794
-8.927079897466141 3.249191361593823
-9.115183249337734 2.676459289993549
-9.266582975411376 2.092950061472096
-9.380669442425754 1.501013261746782
-9.456983264444307 0.9030324113896953
-9.49521715264026 0.3014153682316005
-9.495217152640258 -0.3014153682316868
-9.456983264444299 -0.9030324113897813
-9.380669442425738 -1.501013261746876
-9.266582975411357 -2.092950061472181
-9.115183249337711 -2.676459289993628
-8.927079897466115 -3.249191361593896
-8.703030345604644 -3.80884008636287
-8.44393676222175 -4.353151956410443
-8.150842425732259 -4.879935219947398
-7.824927523583385 -5.387068706696359
-7.467504400056455 -5.872510369095783
-7.080012271919637 -6.334305504904807
-6.664011433210018 -6.77059462809923
-6.221176972480168 -7.179620956365488
-5.753292027807793 -7.559737485042936
-5.262240606728008 -7.909413619030355
-4.74999999999996 -8.22724133595219
-4.218632819754815 -8.51194085576771
-3.670278694084676 -8.762365793993544
-3.107145651515468 -8.977507777789365
-2.531501230055289 -9.156500506319462
-1.945663346619269 -9.298623239040406
-1.351990963596168 -9.403303697868866
-0.7528745901394515 -9.470120371543455
-0.1507266564306385 -9.498804212901813
0.4520282003255863 -9.489239722238574
1.052962899059637 -9.441465412381911
1.649657687835868 -9.355673653615971
2.239709887339586 -9.23220989907364
2.820743565618644 -9.071571293718693
3.390419105122812 -8.874404672518503
3.94644262351794 -8.641503955867917
4.48657521034051 -8.373806952752016
5.008641942299795 -8.072391584520373
5.510540640926402 -7.738471544478176
5.99025033730298 -7.373391410771677
6.44583940979277 -6.978621232246554
6.875473361998178 -6.555750609080053
7.2774222096303 -6.106482292022114
7.650067446545063 -5.632625326019076
7.991908561896226 -5.13608776582817
8.301569082162965 -4.618868992954439
8.577802113722903 -4.083051664847126
8.819495363652694 -3.530793328773101
9.025675618538983 -2.964317734135619
9.195512663265387 -2.385905878220246
9.328322623995716 -1.797886821423893
9.423570721892556 -1.202628308950616
9.480873426482901 -0.602527236737363
4.887239691262583 8.464947454034032
9.185006147782911 3.343068839345053
-1.69732053241848 9.625983077568783
-7.487685615364436 6.282914238223709
9.185006147782911 -3.343068839345065
-9.774479382525172 -8.982442184686658e-15
-7.487685615364433 -6.282914238223719
4.88723969126256 -8.464947454034053
-1.697320532418498 -9.625983077568765
1.402914939251552 -9.673272873580959
-5.143164754872468 -8.311933271975292
-9.282700500282445 -3.061347715563892
7.292555141636993 -6.508380591185194
-9.078757515885794 3.621676460049895
-4.62676299065549 8.61007796955597
1.990145358645444 9.569728306749068
9.769927745527948 -0.2981446975806809
7.675842576634206 6.051596413531048
9.769927745527943 0.2981446975806749
7.292555141637006 6.508380591185174
1.402914939251574 9.673272873580943
-5.143164754872466 8.311933271975283
-9.282700500282456 3.061347715563878
7.675842576634191 -6.051596413531068
-9.07875751588578 -3.621676460049899
-4.626762990655488 -8.610077969555963
1.990145358645407 -9.569728306749074
4.361977625223911 -8.747189448798496
-2.281116276456387 -9.504561041384896
-7.856850520599265 -5.814642891277574
-9.756277086986657 0.596011290215981
8.964053718080596 -3.89691069893718
-7.090633175431019 6.727785165089828
-1.107203197481347 9.711553590214736
5.394299461762706 8.151178158582479
9.371749451887377 2.776775876295057
8.964053718080603 3.896910698937162
4.361977625223939 8.747189448798478
9.371749451887382 -2.776775876295074
-2.281116276456375 9.504561041384896
-7.856850520599267 5.814642891277574
-9.756277086986657 -0.5960112902159864
-7.090633175431014 -6.727785165089831
-1.107203197481367 -9.711553590214731
5.394299461762691 -8.151178158582518
0.8104611453221771 -9.740789539857225
-5.640409568046551 -7.982832080944555
-9.452069958356553 -2.48961877206176
6.882108081522364 -6.940923316253634
-8.84100176709517 4.168514829299343
-4.093130592220111 8.876154014149408
9.733540160266664 -0.8933219332048539
2.569961876834169 9.430542088315383
8.030540621772982 5.572274710557857
9.733540160266656 0.8933219332048477
6.882108081522373 6.940923316253618
0.8104611453221993 9.740789539857214
-5.640409568046558 7.98283208094455
-9.452069958356548 2.489618772061752
8.030540621772966 -5.57227471055788
-8.841001767095177 -4.168514829299355
-4.093130592220109 -8.8761540141494
2.569961876834142 -9.430542088315381
-2.85641273719492 -9.347740524034833
3.820472682831897 -8.996851399774664
-8.196750891996766 -5.32471796853527
-9.701738207694408 1.189799302090391
8.709716474737402 -4.436235516694336
-6.66717439320198 7.147596256121632
-0.512965582740631 9.760953485229603
5.881265524862472 7.807052097684275
9.523587130396876 2.200144267913198
8.709716474737398 4.43623551669432
3.820472682831925 8.996851399774666
-2.856412737194909 9.347740524034837
9.523587130396878 -2.200144267913213
-8.196750891996771 5.324717968535266
-9.701738207694405 -1.189799302090401
5.88126552486246 -7.807052097684287
-6.667174393201978 -7.147596256121645
-0.5129655827406482 -9.760953485229594
0.2149940124288278 -9.772026664842828
6.446032630212393 -7.34761123726728
-6.116642693162469 -7.624002211959389
-9.586234303711665 -1.908622392753752
-8.570320344427241 4.699823055996474
9.66090094064681 -1.485166852171475
-3.544258247484347 9.109169064130864
3.14020167349925 9.256233630021004
8.355326331998379 5.072203608846339
9.660900940646822 1.485166852171474
6.446032630212412 7.347611237267261
0.2149940124288469 9.772026664842828
8.355326331998366 -5.072203608846359
-6.116642693162473 7.624002211959383
-9.586234303711668 1.908622392753736
-8.570320344427232 -4.69982305599648
3.140201673499227 -9.256233630021017
-3.54425824748435 -9.109169064130841
-3.222293923860999 -9.288220553189486
3.501932733156275 -9.186440350260364
-9.706657080254047 1.560457465872539
-8.438773442095817 -5.043939132208236
8.587566144682677 -4.786222611532327
-6.432687993084373 7.434698673118595
-8.438773442095815 5.043939132208241
-0.1487927025868638 9.830161743740554
6.204724347097719 7.625982884387819
9.65498191694536 -1.85352188007092
8.587566144682675 4.786222611532303
9.654981916945356 1.853521880070914
-3.222293923860979 9.288220553189516
-9.70665708025404 -1.560457465872535
3.501932733156316 9.186440350260366
-0.1487927025868964 -9.830161743740547
6.204724347097692 -7.625982884387841
-6.432687993084384 -7.434698673118596
-1.910097931531013 -9.637736276221794
9.301573415948408 3.164674805688977
9.364558863469988 2.991184865233299
-1.501395011290306 9.709801628154592
5.091204873766427 -8.403217691538046
-7.39147548441746 -6.473061470532827
4.731797557519511 8.610721602321902
4.571880627270808 8.702876371371774
9.301573415948416 -3.164674805688998
9.364558863469979 -2.991184865233341
-9.823002431285982 -0.2075039107838952
-9.822852337238734 -0.3920734193994011
-7.658237370044223 6.15514703496991
-7.776761384597362 6.01366210993192
-9.823002431285985 0.2075039107839004
4.731797557519473 -8.610721602321947
4.571880627270755 -8.702876371371815
-1.501395011290337 -9.709801628154587
-1.319603464678321 -9.741703973197072
-7.658237370044242 -6.15514703496992
-7.391475484417454 6.47306147053284
5.091204873766464 8.403217691538021
9.159632381334541 -3.554654593184684
-1.91009793153096 9.637736276221847
9.159632381334546 3.554654593184662
9.809797183199283 -0.5090472157621989
-9.202463298127023 3.446725768331811
-9.265008490407544 -3.274884264845592
-9.202544911805093 -3.449130663455485
-9.392298426153275 2.876800326310215
-9.449850278885796 2.709700963582104
2.204767048876628 9.572369200128447
2.378255268321645 9.538660885265626
-4.833983254665543 8.555574508416754
-4.994735772356143 8.463802322344515
7.187531377276628 -6.69556887381825
7.071595010564107 -6.82895992168353
7.187531377276643 6.695568873818222
1.796371277393511 -9.661174851394268
7.841949863351381 5.915663291978607
1.614237680378142 -9.69420300481822
1.202139759412826 -9.749159442855515
7.468637213013976 -6.386290586548683
1.20213975941286 9.749159442855493
1.027585237126455 9.776820453799655
7.58830723142687 -6.245072341362714
-4.464050771023858 -8.750057174504688
-5.345746412175445 -8.241009958742506
-5.497243089100549 -8.149998038326833
9.826336495592233 0.09143495419941641
9.827235709938181 -0.09366690287907067
7.841949863351355 -5.915663291978632
-9.044089622764238 -3.833496150876894
9.809797183199283 0.5090472157621894
9.806726886534694 0.6857531467760647
-5.345746412175438 8.241009958742509
-4.992353240926705 -8.464139554217326
-4.83249993758206 -8.557469225223592
1.616279573809725 9.692929877737852
7.58618372431731 6.246204109406039
-9.266616846900266 3.273094468560853
2.204767048876572 -9.572369200128463
-9.392298426153278 -2.876800326310216
-9.044089622764247 3.833496150876895
1.798725464690116 9.661672830832917
7.467891382210149 6.388578362272042
-4.464050771023865 8.750057174504709
5.59257644192113 8.07552184069222
5.731735085082078 7.971799598839925
8.923977225935724 -4.105312987971684
9.096364849275597 3.728041863265195
5.592576441921111 -8.075521840692275
-2.493311676271305 -9.501282078919553
-9.789895283816119 0.8055523509639755
4.197318841894936 -8.881074191656229
4.037913423932898 -8.94972799086362
-7.776761384597382 -6.013662109931873
9.47500748700179 2.591369788256484
9.514937820395639 2.422464489653039
-0.906683274898243 -9.781047474439964
-2.091837351027424 9.605538303616395
-0.9066832748982112 9.781047474439969
-1.319603464678247 9.74170397319711
-7.272721512442573 6.614353438383085
-6.981695810730522 6.909912290663066
-6.85538469800306 7.028945623065438
-6.981695810730537 -6.909912290663057
-7.272721512442583 -6.614353438383085
-8.017293951037542 -5.675734486468299
-2.493311676271278 9.501282078919564
5.250971709967894 -8.3108029519724
4.197318841894977 8.881074191656213
4.037913423932929 8.949727990863607
-9.822852337238713 0.392073419399465
-9.789895283816115 -0.8055523509639706
9.096364849275631 -3.728041863265253
-8.017293951037535 5.675734486468309
-2.091837351027479 -9.605538303616424
5.250971709967899 8.310802951972336
9.475007487001804 -2.591369788256511
9.514937820395641 -2.422464489653054
8.923977225935747 4.105312987971661
8.84599540279128 4.260368676936403
8.185295822497492 5.430609139760878
-8.795693384305634 -4.373369549893022
-9.549039799677315 2.303567284632223
-9.584278937313494 2.131610881973057
7.953182262666541 -5.778325146805175
-5.834284367023919 7.902639385379406
-5.971810557625992 7.793564419712193
-4.309483797434122 8.835751185102934
1.02758523712638 -9.776820453799658
-3.926744281174067 -9.003958167434821
2.378255268321571 -9.538660885265575
-8.795693384305633 4.37336954989303
-8.712156684836552 4.527747077657374
9.761028648197978 -1.101318782055423
9.735330052314284 -1.274957439636128
-9.549039799677336 -2.303567284632221
-9.584278937313497 -2.131610881973066
6.769467687656909 7.117927405953119
6.638168643428771 7.234423595683081
9.806726886534683 -0.6857531467761114
2.779572112020413 9.42149469058535
-8.980767499792984 3.998495306994468
0.6103975618081369 9.803978689653922
-9.449850278885801 -2.709700963582057
9.761028648197973 1.101318782055425
9.735330052314286 1.274957439636123
0.6103975618081071 -9.803978689653944
6.769467687656894 -7.117927405953151
7.071595010564132 6.828959921683516
-5.834284367023925 -7.902639385379408
-5.971810557625989 -7.793564419712196
-5.497243089100554 8.149998038326867
8.185295822497487 -5.430609139760917
-3.926744281174062 9.003958167434851
-8.980767499793039 -3.998495306994486
2.779572112020379 -9.421494690585375
-4.309483797434162 -8.835751185102945
7.953182262666632 5.778325146805166
8.845995402791271 -4.26036867693642
6.070513107456132 -7.722744454361991
-8.345750536609087 -5.180768212906722
-8.112585205110065 5.5306724021094
8.659552151800684 -4.637247871897732
-9.769648509015013 0.9779283920236781
-8.112585205110065 -5.530672402109403
-8.34575053660909 5.180768212906723
-9.769648509015013 -0.9779283920236865
6.07051310745616 7.722744454361968
-6.855384698003062 -7.028945623065439
-0.7334101976812365 -9.791041079045806
5.73173508508206 -7.971799598839946
-2.659553122392588 9.451410112718483
-2.659553122392602 -9.451410112718477
9.614367280887036 -2.013914864979358
9.614367280887027 2.013914864979341
-0.733410197681218 9.79104107904581
2.946110293884721 9.366034477656143
0.01617804748607907 -9.822978954031244
0.4349343512562042 -9.808822549647566
3.344454277901331 -9.236114055358371
8.277222333580308 -5.281075471990198
6.32648226524014 -7.514439394137327
-9.670936543141531 -1.721674661221053
6.638168643428751 -7.234423595683101
0.4349343512562284 9.808822549647559
-6.301696058485672 7.535237491083289
0.0161780474861059 9.822978954031244
8.498860291287874 -4.925500077122246
-8.712156684836549 -4.527747077657379
2.946110293884695 -9.366034477656155
-9.670936543141543 1.721674661221055
3.344454277901372 9.236114055358364
9.676555120069892 -1.689810128035223
-3.763519494688304 -9.068521859348312
-3.7635194946883 9.068521859348323
8.277222333580317 5.281075471990176
-3.374859061584223 -9.225047619118476
8.498860291287883 4.925500077122209
-0.3138016151915846 9.818016084804453
-6.55128507457473 -7.319328874072414
-9.723349438140943 1.395846337882473
-0.3138016151916179 -9.818016084804441
-3.374859061584206 9.22504761911852
-8.515038338774001 4.897478876909021
-3.063082206312311 9.333243739051756
3.652836330684734 -9.118590792244447
6.326482265240164 7.514439394137308
-6.301696058485685 -7.535237491083289
3.65283633068477 9.118590792244454
9.676555120069892 1.689810128035224
8.659552151800675 4.63724787189772
-8.515038338774001 -4.897478876909014
-9.723349438140946 -1.395846337882473
-6.551285074574727 7.319328874072411
-3.063082206312332 -9.333243739051744
8.223857768980423 -3.597026326862503
-8.297143165808876 3.323083128974031
3.444551777809608 8.270135896158532
-3.224700737256924 -8.439818979846999
-8.102095646870591 -3.856614396219533
3.466732927141367 -8.276423822161425
8.432003235515877 3.068998192964093
-3.205555280081503 8.429592526425861
-8.971721228390379 0.03758784711083123
0.1423676800588496 -8.972020949364854
-6.483283209835848 6.178307673156745
6.294439683719128 -6.395112003725111
-6.107874923320003 -6.504148662524537
6.690842348599546 6.081537765149671
8.960074821071547 -0.2670661358941454
0.1171523190733246 8.987729518885484
1.837761039707463 -8.782941582015702
-7.524593509022064 4.887393925738106
-8.651950000266526 -2.167844030999857
7.409742741809311 -5.108707841726799
-4.726026555165348 7.683924482541262
-1.564023756281833 -8.872803952537517
-1.558171218482515 8.836828103231376
-7.250311666623892 -5.376991018870226
8.86043767932334 1.417770292746447
1.840188371509531 8.843600561677151
4.970408054103839 -7.470774541362282
-4.702943872102121 -7.64120917764814
4.942088681116378 7.560961003101237
8.828584410990327 -1.927433663587722
-8.807959531690054 1.620929331080684
7.742495472847104 4.637971852320071
-8.854864251136805 -1.079541740557678
5.991761251497246 6.774163634718005
-5.627409303994981 7.023497917234924
7.984960074930558 -4.140870380302725
7.630527891100885 -3.669768685660084
7.860146219440181 -3.11774028932782
7.26470462494505 -3.190180158535704
7.498429071088821 -2.634898811584708
6.900642919342611 -2.709151937879993
6.666696630579661 -3.264786156228585
6.302527895634661 -2.784143167362732
6.536660296878796 -2.228631820778141
5.93850161918186 -2.303596140179257
5.704350637595772 -2.859093963058025
5.340344962003996 -2.378561320678015
5.574494538744575 -1.823062386100211
4.976342471745618 -1.898030658248777
4.742191893730175 -2.453528950568072
4.378190991626666 -1.97299932400139
4.612341322356325 -1.417500867695308
4.014190285427162 -1.492469824710295
3.780039878992393 -2.047968231424067
3.416039302933015 -1.567438817686913
3.650189687673053 -1.011940396769621
3.052038742880387 -1.086909414474833
2.817888351934533 -1.642407831132555
2.453887802830411 -1.1618784351132
2.688038191918922 -0.6063800172745868
2.089887255069095 -0.6813490399774942
1.855736865447048 -1.23684745746817
1.491736318612111 -0.7563180629336984
1.725886708078821 -0.2008196453425651
1.127735771890858 -0.2757886684730251
0.8935853823791211 -0.8312870860349602
0.5295848357359116 -0.3507576916248717
0.7637352252345766 0.2047407259455329
0.1655842891022793 0.1297717027790093
-0.0685661004001771 -0.4257267147889391
-0.4325666470272382 0.05480267961068348
-0.1984162575258817 0.6103010971793453
-0.6667170365292311 -0.5006957379575658
-0.7965671936534925 0.5353320740097839
-0.5624168041520821 1.090830491578411
-1.160567740279286 1.015861468408585
-0.9264173507777425 1.571359885977126
-1.524568286904912 1.496390862807278
-1.290417897403318 2.051889280375785
-0.6922669612761395 2.126858303545628
-1.888568833530497 1.976920257205944
-2.1227192230321 1.421421839637442
-1.056267507901716 2.607387697944288
-0.4581165717745357 2.682356721114129
-2.486719769657679 1.901951234036103
-2.720870159159281 1.346452816467602
-0.822117118400113 3.16288611551279
-0.2239661822729316 3.237855138682631
-3.084870705784859 1.826982210866263
-3.319021095286462 1.271483793297761
-0.5879667288985085 3.718384533081292
0.01018420722867271 3.793353556251133
0.3741847538542494 3.312824161852471
0.6083351433558539 3.868322579420973
0.9723356899814308 3.387793185022312
1.206486079483036 3.943291602590814
1.570486626108613 3.462762208192152
-3.683021641912039 1.752013187696422
-3.917172031413642 1.19651477012792
-3.448871252410436 2.307511605264923
-3.553171484788066 0.715985375729259
-4.151322420915247 0.6410163525594201
-3.787321874289672 0.160486958160758
-4.385472810416853 0.08551793499091916
-4.021472263791277 -0.3950114594077433
-0.3538163393969041 4.273882950649795
-0.9519672755240854 4.198913927479954
1.804637015610218 4.018260625760654
2.168637562235794 3.537731231361992
-4.619623199918458 -0.4699804825775826
-4.255622653292881 -0.9505098769762448
-4.047022188537615 2.232542582095082
-3.812871799036011 2.788040999663584
1.440636468984642 4.498790020159317
2.4027879517374 4.093229648930493
2.766788498362977 3.612700254531831
-4.749473357042427 0.5660473293895812
-4.853773589420062 -1.025478900146085
-4.489773042794487 -1.506008294544747
-0.7178168860224807 4.754412345048456
-1.315967822149662 4.679443321878617
-3.891622106667306 -1.431039271374907
-4.125772496168911 -1.986537688943408
-3.52762156004173 -1.911568665773568
-3.761771949543335 -2.467067083342069
-3.163621013416154 -2.392098060172228
-3.397771402917758 -2.94759647774073
-2.799620466790577 -2.872627454570889
-3.033770856292182 -3.428125872139391
-2.435619920165001 -3.353156848969549
-2.669770309666605 -3.908655266538053
-2.071619373539423 -3.833686243368208
-2.305769763041024 -4.38918466093671
-1.707618826913845 -4.314215637766866
-3.631921792419369 -3.50309489530924
-1.941769216415445 -4.869714055335367
-1.343618280288267 -4.794745032165523
-1.109467890786668 -4.239246614597022
-0.7454673441610883 -4.719776008995678
3.000938887864582 4.168198672100334
3.364939434490158 3.68766927770167
-4.723923432296091 -2.061506712113248
-4.411022735163191 2.713071976493744
-4.176872345661586 3.268570394062245
3.130789044988553 3.132170860133168
3.728939981115734 3.207139883303006
-0.5113169546594891 -4.164277591427175
-0.1473164080339098 -4.644806985825833
-0.381466797535511 -5.200305403394334
0.216684138591669 -5.125336380224489
0.4508345280932682 -4.569837962655988
0.814835074718848 -5.050367357054643
-1.081817432648056 5.23494173944712
-1.679968368775238 5.15997271627728
-2.539920152542622 -4.944683078505212
3.494789591614129 2.651641465734505
4.092940527741312 2.726610488904345
4.327090917242917 3.282108906472847
4.691091463868491 2.801579512074186
4.456941074366888 2.246081094505682
5.055092010494072 2.321050117675523
1.048985464220446 -4.494868939486141
1.412986010846025 -4.975398333884797
0.5806846852172467 -5.605865774623145
-2.175919605917044 -5.425212472903868
-4.775023281788767 3.193601370892405
-4.540872892287166 3.749099788460906
4.820941620992468 1.76555170010702
5.419092557119651 1.840520723276859
1.647136400347624 -4.419899916316296
2.011136946973203 -4.900429310714952
-1.445817979273631 5.715471133845782
-0.8476670431464505 5.790440157015622
-2.043968915400813 5.640502110675944
-5.00917367129037 2.638102953323904
4.925241853370094 3.357077929642688
-2.774070542044221 -5.500181496073713
5.184942167618046 1.285022305708358
5.783093103745228 1.359991328878199
2.245287336474802 -4.344930893146451
2.609287883100381 -4.825460287545107
2.375137493598781 -5.38095870511361
2.97328842972596 -5.305989681943766
3.20743881922756 -4.750491264375264
3.57143936585314 -5.231020658773923
-2.201469530663394 -2.797658431401047
1.336336236607007 2.90726379062365
1.283135853722045 -3.939370521917639
-5.373174217915946 3.118632347722565
-5.60732460741755 2.563133930154065
6.017243493246832 1.915489746446704
-2.410069995418644 -5.980710890472369
-1.809818525899207 6.196000528244447
-2.407969462026389 6.121031505074606
3.805589755354739 -4.675522241205421
5.548942714240943 0.8044929113310814
6.147093650370358 0.8794619344831006
4.222790684865285 1.690582676937179
-5.217774136045639 -0.5449495057474228
-2.92947062391455 -1.836599642603727
-2.642119851527996 5.565533087506105
-3.18917093816249 0.2354559813305977
-1.420268054527294 3.08791709234295
3.599089823991764 4.243167695270174
3.235089277366186 4.723697089668838
3.83324021349337 4.798666112838677
3.469239666867793 5.279195507237342
-1.914118758276844 4.604474298708777
-5.451924525547244 -1.100447923315925
-5.815925072172819 -0.6199185289172633
-6.050075461674425 -1.175416946485766
-6.414076008299999 -0.694887552087103
-6.179925618798393 -0.1393891345186005
-0.3027164899037191 -0.9812251323561835
2.739138040224359 -5.861488099512267
4.169590301980317 -5.156051635604078
-5.971325154043126 3.043663324552727
-6.205475543544732 2.488164906984226
-5.737174764541519 3.599161742121227
-3.006120398153572 6.046062481904768
-3.008220931545821 -6.055679913642213
-3.372221478171399 -5.575150519243556
4.067390602994977 5.354164530407179
3.703390056369402 5.834693924805845
3.105239120242217 5.759724901636007
-6.648226397801606 -1.250385969655607
-6.284225851176031 -1.730915364054267
-6.778076554925573 -0.214358157688439
4.403740691481917 -4.600553218035579
5.912943261007768 0.3239635170439639
6.511094197019404 0.398932540103623
6.745244586501749 0.9544309576537627
3.441589208731841 -4.194992846828148
4.95079177819346 0.7295238882255159
-0.9008674260313996 -1.056194155525701
-0.5368668794057408 -1.536723549924414
-3.240270787655178 5.490564064336265
0.03573413197514543 1.165799514748219
-6.543926165423967 0.3411402598800629
-3.604271334280754 5.971093458734927
3.935439912478718 -5.711550053172579
-2.173819072524783 6.676529922643111
-1.5756681363976 6.75149894581295
-1.264867972656882 -0.575664761127102
-3.57872140953441 3.343539417232087
4.767741238107495 -5.081082612434235
-2.644220384920244 -6.53620930804087
-2.046069448793068 -6.461240284871026
-7.142077101551149 0.2661712367102231
7.10924513312803 0.4739015632552377
6.875094743626544 -0.08159685431324307
3.339389509743826 6.31522331920451
2.741238573616643 6.240254296034673
5.001891627612454 -4.525584194892526
-3.83842172378236 5.415595041166426
2.896638655486946 2.576672442564666
-0.1196659498952988 4.829381368218297
2.140987104097182 -5.936457122682111
2.504987650722759 -6.416986517080768
1.906836714595582 -6.491955540250612
-5.841474996919154 2.007635512585564
-6.907926712049542 0.8216696542787253
4.431391149620553 4.873635136008513
-0.8753175012850688 -3.683748197028519
-0.2771665651578905 -3.608779173858673
-6.882376787303214 -1.805884387224107
-6.518376240677638 -2.286413781622769
2.270837261221162 -6.972484934649268
1.672686325093982 -7.047453957819114
-3.606371867673 -6.130648936812055
-3.970372414298577 -5.6501195424134
-2.280219838294667 -7.016738702439525
-1.682068902167491 -6.941769679269683
-6.3353257006687 3.524192718951392
-6.101175311167088 4.079691136519889
-3.370120944779147 6.526591876303431
4.665541539122162 5.429133553577016
5.029542085747736 4.948604159178349
-4.202422270407936 5.896124435565087
-4.436572659909542 5.340626017996585
5.365892174235234 -5.006113589268859
-7.116527176804819 -2.361382804792607
-6.752526630179245 -2.84191219919127
-6.154375694052064 -2.766943176021432
-6.388526083553671 -3.322441593589933
-5.790375147426491 -3.247472570420097
-6.024525536928097 -3.802970987988597
-5.426374600800917 -3.728001964818759
-5.660524990302523 -4.28350038238726
-5.062374054175341 -4.208531359217421
-5.296524443676943 -4.764029776785919
-7.37558448394478 -0.2888401036024141
2.868988197348343 -6.897515911479425
-1.939668683023177 7.232028340211613
-1.341517746895996 7.306997363381456
5.131741784733164 -5.561612006833636
-6.622676473055279 -3.877940011158435
2.975388963118252 6.795752713603179
2.377238026991068 6.72078369043334
2.143087637489459 6.165285272864836
1.779087090863883 6.6458146672635
1.544936701362276 6.090316249694998
1.180936154736697 6.570845644093659
1.415086544238304 7.126344061662164
0.8169356081111193 7.051375038492322
-7.506077648176725 0.7467006311088842
-7.271927258675121 1.302199048677389
-4.201888769121609 -6.203622681287177
7.343395522625669 1.029399980819759
5.600042563740288 -4.450615171727894
4.637891081110403 -4.045054800526765
0.9467857652350926 6.015347226525157
-3.474421177156784 4.935065646767761
-1.135017815532988 -1.611692573094212
-1.447918512665892 -6.386271261701182
-1.083917966040314 -6.866800656099838
-3.73622202479698 -5.094621124844904
-0.6411671117834685 -3.128249779460016
-0.04301617565628943 -3.053280756290171
1.051085997612726 7.606873456060826
0.4529350614855442 7.531904432890984
0.2187846719839376 6.97640601532248
-3.837449216716268 -6.683819529236716
3.573539899245438 6.870721736773016
2.611388416492674 7.276282108001846
7.473245679750651 -0.006627831146435111
7.239095290248554 -0.5621262487154393
6.640944354121292 -0.6370952718853663
-4.800573206535118 5.821155412395247
-5.034723596036722 5.265656994826739
5.263692475249346 5.504102576746851
5.627693021874921 5.023573182348183
4.899691928623771 5.984631971145519
5.964043110362613 -4.931144566100629
-1.318068355541913 -7.422299073668339
-0.7199174194147346 -7.347330050498493
-0.4857670299131363 -6.791831632929991
-0.1217664832875552 -7.272361027328651
-5.89467537980413 -4.838998799955759
-5.530674833178549 -5.319528194354419
-7.480527723430393 -1.880853410393942
2.036686871719565 -7.527983352217771
1.438535935592387 -7.602952375387617
6.198194995059418 -4.375645402134131
7.004944932604338 -1.117624765753185
7.603095842183023 -1.042655659692979
-4.828223664673735 -3.653032941648923
-2.878370774421844 -7.091707725609369
3.260639202112522 2.096143048166002
2.66248826598534 2.021174024996164
3.026488812610915 1.540644630597501
2.428337876483733 1.465675607427663
2.792338423109308 0.9851462130289994
1.908937247987852 5.609786855296329
1.074535388966804 -7.122422980988963
0.8403849994652095 -7.677921398557466
3.39048935923649 1.060115236198838
-1.394718129780893 0.4603630508400856
-4.464223118048161 -4.133562336047584
6.979394976000301 1.509929375218702
7.577545912126775 1.584898398387723
7.213545365501317 2.065427792786512
-0.09411602514895909 2.201827326715468
-2.252569380156077 2.457449651604606
0.1123839062140434 -6.716862609760151
-2.537819619150358 7.157059317041775
-2.356869612533704 0.8659234220689415
2.064337329858158 1.946205001826326
1.830186940356551 1.390706584257824
-5.945775229296783 0.416109283049901
1.466186393730977 1.871235978656488
0.06128405672144499 -1.46175452675458
-0.1452158746416383 7.456935409721146
1.23203600422937 1.315737561087986
-0.9775172002704187 6.82646796898279
3.156338969734883 0.5046168186303364
3.754489905862065 0.5795858418001751
-5.503024375039913 4.154660159689724
5.39354263237331 4.468074764779683
5.991693568500494 4.543043787949515
5.757543178998882 3.987545370381016
6.355694115126066 4.062514393550847
6.121543725624452 3.507015975982346
6.719694661751634 3.581984999152176
-5.866868902344421 4.63512378975199
6.485544272250032 3.026486581583678
7.083695208377217 3.101455604753513
-0.3559168727891538 -7.827859444897149
-2.300727334293584 7.711317684375212
-4.56642281703351 6.37665382996375
1.649853862882791 7.676920222960865
-6.699326247294268 4.004722113350057
-6.933476636795882 3.44922369578156
-7.350677566306428 -2.916881222361106
-6.111096587596093 -5.381067379706304
6.580408150116827 4.610864781799724
-2.515734444397765 -7.561352525241223
-5.398724142662301 5.746186389225408
7.806969589994296 2.136816336512923
-7.332515102654748 3.92888658880796
7.319974196102044 3.639970700864362
0.688920950206966 8.072758060782737
-7.86784885736339 1.226290328447856
-7.633326911621972 1.781632129839745
-8.103857028064086 0.6715749917624259
7.926867312488766 1.093249565040657
7.369011095189766 -1.598201515686039
5.834195439588874 -3.895116093735098
6.406794043702207 -1.192593829894588
6.042793431547519 -0.7120643189075414
-4.568084344646004 -5.724756019134121
-4.801057794784551 -6.299257698198663
-4.670723049411146 4.78512760042808
3.520339516355771 0.02408742423365068
4.118490452864457 0.09905644752616603
-5.556224757924881 -2.691974152851593
1.596036550854948 0.8352081666893227
0.3209843709692881 -3.533810150688828
0.5551347604708869 -2.978311733120325
0.8680354576037963 1.796266955486647
1.542836167970003 -6.011426145851955
-0.2516166404115361 -6.236333215361491
-7.037343386893733 1.857514747373173
-7.424908583229011 2.347976972781773
-8.029217184292957 2.24803446821969
4.56124130674452 3.837607324041349
-0.7710172689074128 -2.092221967492869
-1.369168205034602 -2.167190990662705
-1.733168751660178 -1.686661596264047
-1.239318047910646 -3.203218802629862
2.558188033607704 0.4296477954604985
0.1911342138453123 -2.497782338721671
0.7892851499724873 -2.422813315551826
1.153285696598066 -2.90334270995048
1.387436086099666 -2.347844292381982
1.751436632725244 -2.828373686780637
1.985587022226853 -2.272875269212144
2.349587568852427 -2.753404663610795
2.115437179350823 -3.308903081179294
2.713588115478003 -3.23393405800945
2.947738504979605 -2.678435640440954
3.311739051680219 -3.158965034932002
1.023435539474095 -1.867314897983331
5.887393336122853 2.951517558413851
1.189528264809585 -8.137474463123862
7.392429870709211 -4.19261459781983
5.846857709667173 5.567719945517686
-6.4750679402352 -4.874956810776277
7.947240540364465 -1.51479564349647
8.201246773000305 -0.9676866199452641
0.6136686397227498 -8.204882709024819
8.084126941660251 -2.562259676846352
6.561331647901153 -4.800691806478913
6.438297794542827 -5.403354737518477
-2.894521420954376 7.605292302136911
-7.531627572923063 3.37425467261173
-5.770947982068013 -5.881655256084914
-6.357341286180561 -5.87723452922938
-3.118591317411955 -7.598774566533686
7.794718788467323 3.196024032367518
7.814027201126562 3.736874482404682
0.9702351565892054 -8.713949210524623
-5.433978967505667 -6.418641662969474
-7.944594924539409 3.85870750648135
-8.449267508968925 1.160889917374047
-8.667360080209983 0.6192207440062045
-8.338378973805504 0.1162331903705369
-8.564631744595836 -0.4619130766119047
-7.862954572623918 2.841480677439549
-8.458382265773066 2.744636386494006
6.794286604497475 -4.264454937761283
-7.078083074780289 4.480754988614716
7.711701209854013 -2.071242530985598
7.031101632828201 -3.741185783781358
7.131206549124464 -2.152541716263211
6.068385978532132 -3.339644998686433
5.106193716002472 -2.934059160792517
4.508041330134955 -3.009027251163195
6.172643825863427 -1.748092251052141
5.210492265315414 -1.342531849918393
4.846491546807781 -0.8620023416071618
4.248340631177896 -0.9369713778219994
4.482491003346436 -0.3814729492536903
5.080641937174857 -0.3065039243996365
4.872041847672932 -3.48955662591997
4.144040587292911 -2.528497731087274
3.909890090477143 -3.083996078372215
5.470201606087172 -3.414592769941671
3.545889501317246 -2.603466656521497
-5.172877969872355 -5.814733000321027
-5.022472215378317 -6.841561072590484
-4.932523897051343 -5.244559171184576
-6.673704075501307 1.377137618701775
-4.230072728546554 -3.578063918479087
-4.594073275172124 -3.097534524080419
-3.866072181920973 -4.058593312877747
-3.267921245793783 -3.9836242897079
4.352640842145041 0.654554865065779
-6.569476090170308 2.968694301382894
-4.100222571422565 -4.614091730446246
-5.160056283481421 6.265641537142909
-4.960213564317206 6.841795451796577
-4.332774911891993 6.893982540852353
-5.778409408058223 6.177339309617481
-6.024423353494545 5.663177665347355
-6.638154179669359 5.53333334032291
-0.9525095927311178 -7.896406213281012
-0.6336485454587695 -8.395910309811349
-1.5501688566536 -7.949042303930527
0.001652112934942512 -8.398779905383487
1.308685778468397 -6.566924563420461
0.4763844528396268 -7.197392004158813
-5.68607491504885 -1.655946340884427
4.301540992496587 5.909662947975683
4.527293413925295 6.45879991293647
5.110375735134379 6.523507092153267
5.463064481917779 6.033448506162287
6.046413270206989 6.147405788987727
-1.967319141161785 -2.242160013832545
-2.331319687787363 -1.761630619433887
-2.097169298285758 -1.206132201865386
-3.477021229387383 -7.158216848481212
-3.677361482070267 -7.695586188666856
0.7105348423412234 -6.641893586590305
3.858790138239705 2.171112071335842
6.276943809923455 -0.1565658813286184
-4.645173124664796 2.157573558925242
-4.359922885670516 -2.54203610651191
-4.958073821797698 -2.617005129681753
0.3465342957156433 -6.161364192191646
2.87108873074061 5.204226484067503
-3.134754097807281 7.076707558988013
-3.494505952360995 7.524058654290114
2.038787405111824 4.573759043329156
1.674786858486248 5.054288437727823
1.076635922359065 4.979319414557983
0.842485532857459 4.423820996989478
2.013340301889302 7.200492708787037
2.248124757454424 7.750932140744912
2.91957237194462 7.894207496890912
2.493484226653468 8.232398805558599
3.209539352619862 7.351251131171693
3.807490435259409 7.40161181438515
-7.69890778751805 -2.424645958973099
-7.964813566684298 -2.903290927642103
-8.072100048494814 -1.958512654075394
-7.838986468971153 -1.402646170281984
-7.614876672635371 -3.474966840211756
-4.983623746544032 0.01054891182108014
-1.550118211651267 4.123944904310115
-2.148269147778449 4.048975881140275
-2.512269694404026 4.529505275538938
-2.74642008390563 3.974006857970435
-2.382419537280054 3.493477463571773
-3.110420630531207 4.454536252369097
-2.27811930490242 5.085003693107441
-5.920225304550456 -2.21144475845293
-3.995922339044941 -3.022565500910572
2.843438272602429 -4.269961869980171
-3.344571020032808 3.899037834800592
-3.708571566658389 4.379567229199257
-4.072572113283967 4.860096623597918
2.507088184115035 5.684755878466166
3.337288976351541 -5.786519076342426
3.70128952297712 -6.267048470741079
4.299440459104299 -6.192079447571233
4.064483607083214 -6.747237929854441
4.659263556661364 -6.646388771190182
3.467004723055607 -6.822490232428697
3.82821722182435 -7.287015493130673
3.228642265548856 -7.359120758377918
2.632211118704915 -7.449058401701031
2.413077579138782 -7.994017573286934
-2.876270241029602 5.010034669937601
-3.241942400777427 -6.609380376970405
-4.281172578039221 1.677044164526581
-4.879323514166398 1.602075141356741
-2.903920699168199 -4.464153684106557
0.4784849862318825 4.904350391388141
0.7126353757334886 5.459848808956647
0.1144844396063058 5.384879785786802
-6.991685139152076 -3.397841816806796
-7.201709952493276 -3.94472176570313
-0.9796177336626904 -5.275274426564179
-2.771767265740255 6.600663776992617
2.298487719359764 2.501703419394828
-5.322074368423275 -2.13647573528309
-1.030717583155049 -0.02016634355874929
-1.628868519282474 -0.09513536672843176
-1.863018908784142 -0.6506337842968923
-2.227019455409718 -0.1701043898982325
-2.461169844911337 -0.7256028074667242
-2.69532023441294 -1.281101225035227
-3.059320781038517 -0.8005718306365671
-3.657471717165701 -0.875540853806405
-2.565470077288971 -2.317129037002386
0.7381853004798256 2.832294767453809
0.3486348291079098 5.940378203355308
6.945319335584347 4.109330174147196
-1.18611766502569 3.643415509911452
-1.784268601152872 3.568446486741612
-1.811919059291468 -5.905741867302526
-1.577768669789866 -5.350243449734025
-4.306722502785567 4.304598206029411
4.586791231529662 1.210053282568755
-1.211667589772025 6.270969551414286
4.039740144887816 -4.120023823729271
3.103116185113288 -6.342008051264109
-4.143825866363049 -7.290873469967346
3.93614078452553 6.389132100273063
2.194187486982128 0.9101771898591612
-7.187678322569016 2.899137700635317
-5.087923978921669 -1.580977317714588
6.381244039873081 1.434960352049502
-1.916105013037687 -7.490661466492663
-2.188975365358929 -8.11825636858036
7.704949544874562 0.5470173465969184
8.385417706784773 0.5722481355862796
8.071396615876328 0.06834119202189168
-2.955020548660885 0.7909543988990997
1.776986557471603 -5.455927728283454
-0.6135166536448443 6.345938574584125
-6.30976373474792 0.896633601924321
-5.711622832932771 0.9716068546976939
0.5827852186095149 6.495876620923814
-0.8497675765387149 -6.311302238531337
-3.423321327664095 -0.3200424362379043
-2.018418990654478 3.01294806917311
-2.616569926781656 2.937979046003269
-2.850720316283256 2.382480628434765
0.140034364352645 2.757325744283968
0.2443345967302775 4.348851973819635
-5.192224211299307 -3.172503547250257
6.206787913589378 5.084107270499244
6.805846900522181 5.107248995914382
-0.3282664146505623 1.646328909146967
0.3997346786016559 0.6852701203489531
0.6849849175948667 -4.014339545087484
-3.293471170540125 -1.356070248205066
-2.825170391536914 -0.2450734130680655
-1.499018362158558 -1.131163178695556
3.624639748738097 1.61561365376734
-1.992869065908104 0.3853940276702643
1.700336783232584 2.426734396224989
2.532638108861371 3.05720183696333
3.988640295396106 1.135084259389678
-6.853606560124474 -4.402229180336153
-7.39025902075469 -4.414153352513639
-5.637283888740156 5.189271296479727
1.517286243223644 -3.383872104349138
-2.591020002035302 0.3104250045004341
0.2954344462301837 -0.9062561091907004
-1.654418444028897 2.532418674774446
-0.4836664965208745 5.30991076261696
1.281245374687497 8.124035185006681
0.9496084827830794 8.562885287995607
-1.7587186764065 0.9408924452387661
0.08683398146768918 -4.089308568257331
1.881286789849222 -3.864401498747795
-7.01211977657585 -0.7697753957142988
3.963090370617341 3.762638300871508
6.615394429374267 1.990458769616937
1.934487172734189 2.98223281379349
1.178835621344427 -5.5308967514533
2.636938341239005 4.648728066498997
-5.243324060791974 2.082604535755402
-1.473468437412246 -3.758717220198365
-3.138071088669795 -5.019652101675059
1.102185847105401 2.351765373055148
-5.58177468267121 -0.06442011134876149
0.269884521476639 1.721297932316792
1.31078631186067 5.534817832126492
-6.25517948007495 -4.346766028767079
0.919135307096466 -3.458841127518982
-3.73309163762934 6.993435691444709
-4.166720738835702 7.466777117989676
0.9446852318428265 -6.086395169021801
2.272937794613429 5.129257460897662
2.479437725976477 -3.789432475578544
0.5040349109782245 2.276796349885305
4.158579864048517 6.931683053455999
1.807270885573572 -8.150526653315472
-6.439541644825266 1.932630960746033
0.09107593061642075 7.995348239333443
-0.5088595186411354 7.934617206127109
-0.211592396874835 8.473074989527964
-0.8732169678927831 8.41799419851848
-1.106172782520049 7.852964696654706
5.746774579814904 -5.473337707844266
5.493072877190983 -5.999688844945287
0.6338850681023956 1.240768537918014
-1.837468984037819 -3.278187825799704
-0.01746625090993356 -5.68083479779299
1.361886161365883 0.2797097491126989
-4.515322967540822 1.121545746958081
-3.96818398600378 6.442980305477375
0.997885614727767 0.7602391435194842
8.266709635112942 1.641349901872098
8.317310020714457 2.203447722030023
-0.2495161070192691 5.865409180185464
3.077588662119302 -3.714463452449147
-6.810737261872011 2.415686598317236
-0.6156171870371137 -5.755803820962837
2.324037644255061 -0.1258506222044001
-5.139023828414342 3.674130765291064
7.833172065036816 -0.4902434022115567
-1.213768123164292 -5.830772844132682
-6.075617985715121 1.452133975515636
-3.214720862908833 2.863010022833426
0.2422340633380223 -7.752890421727307
2.922188580455199 -0.05088159908188751
-2.980570473407232 3.41850844040193
-0.7431082311854127 7.379903272836637
-7.739415936679054 0.1917443676427889
-0.3793231675460071 6.901093139866856
1.960037097480525 0.3546787722906599
4.795391696246127 4.393105741609849
4.197240760118946 4.318136718440011
1.25758592906036 -1.311816480469721
4.53359084860591 -5.636581030002858
-7.606967924904057 -0.8453551190597499
-5.477472882365569 1.527105457283212
3.286189128652061 -0.5314109944849075
-3.942721956159987 3.824068811630749
-1.703693790713322 7.776675084061925
-2.07137191842613 8.297634087402493
-6.467052343430061 4.556195972434406
-5.1134736865403 1.046576632265864
-7.244867513164378 -1.325816742054948
5.159392242871701 3.912576347211185
-0.01535853475145969 6.420850289039674
-5.347623922504586 0.4910781499792264
-1.603318594536206 -2.722689408231198
5.523392789497274 3.432046952812524
2.219737412732359 -1.717376852296977
4.896450244692125 -6.105664986557202
-1.005167658409027 -2.647720385061354
-3.502071635295382 -4.539122707276402
-4.698373507549751 -4.689060753616084
-0.1728663327802246 -2.017252944323038
5.289242399995673 2.876548535244019
-5.269582875080849 4.709911504005969
-0.4070167222818517 -2.57275136189152
0.4252846033469393 -1.942283921153185
-4.334299793294202 -5.169534723606555
0.6594349928686907 -1.386785503597746
-4.90499158716983 4.229588003984192
5.653242946621255 2.396019140845347
1.621586475840064 -1.79234587496872
2.583737959201163 -2.197906246594316
6.251393882748447 2.470988164015183
3.181888916559659 -2.12293723730005
6.849544818875679 2.545957187185113
5.321247688478905 -6.582991976250562
7.460993365423533 2.620015551745067
3.884340066556736 -0.4564419723353709
5.314792325321825 0.2489944938539
3.675739615382912 -3.639494440453988
5.236044027635353 -3.970086609457321
4.273890611208912 -3.564525455876286
5.808643431280589 -1.267562992513579
5.444642532619407 -0.787033354251786
4.716641389841012 0.1740254701696724
5.678792882932471 -0.2315349113316197
6.770210123893832 -1.672947649904551
6.432143546847627 -3.813472228721147
-6.243425640051368 5.099776918039585
-7.970529415271183 -0.3666152416529981
4.482148439543161 -7.246441820904278
4.18214124597815 -7.77882023703987
-3.792109664310022 8.067648006263401
-8.210382755137648 -0.9397102337822041
2.994584859114414 -7.917966115774266
2.890270356525686 -8.438263082712503
-8.217722586507676 1.69455759461757
-8.422681837296832 -1.526270092049535
8.44613274867943 -3.056024142361478
-2.735861621581675 8.110218538727452
-6.870412496280883 4.985183569419766
-4.422868985230363 -6.749144705382077
4.373466148248164 7.461173806553775
4.021301923582432 7.976822637632236
-5.646926055171487 -6.982087545760481
8.503706173522609 -1.452202064461771
8.856411556680673 -0.9093186721950081
1.898693324115219 8.233878398446132
8.410952189162048 -0.4307052457911144
8.078950376741801 2.643539060449493
-2.655513684170002 -8.584996359712274
-2.124053203926547 -8.755466556761752
-4.209702073015203 -7.935338818647573
7.407878092796277 5.127940005553762
-8.559597528022739 -2.811242927594702
-0.9850154352346695 -8.926859211769978
6.67540870975141 -5.987603099349974
5.456196998490032 -7.169359173130646
5.890630232606032 -6.808708160300754
8.977426928049333 0.3010610248931587
8.929891496638401 0.8681427320636348
7.081888924961081 -5.569259007641648
5.403749407284796 7.062735026659141
-0.3963742390449561 -8.943749160129155
-5.166446622945558 7.369570021677217
-6.900439637557223 -5.861438860377406
-1.245057250643688 -8.407790426633287
-0.9932115568392659 9.030188727733556
-8.311915609547292 -3.350691089937476
8.636095455783209 -2.47659187906743
-1.46252533560696 8.236419233973796
-7.219797311261919 5.422245756161251
-0.4298040440852992 9.022697267505615
-7.781745046193209 4.400122682051016
-6.069985192116325 6.645650358210806
4.719453963062383 6.982491067466387
-5.170353118870538 -7.350125990587289
-2.8461764177902 -8.048584344027237
7.174452588097751 4.61731805347996
6.080633487145271 -5.935311593177181
2.916517976123558 8.52221742372485
7.705063783662507 -4.641546992071574
-2.16141599567189 8.854808113270911
0.3647790848187207 8.509171316126118
-8.899083767013979 -1.71515781264959
-3.739439871315468 -8.22878505029658
7.033689522556817 5.606960846891924
-8.9872828486939 1.08819638403658
3.595110686553025 -7.782432044976863
-8.64917463216881 2.179594521979599
1.268141367910358 8.962277700219618
7.506794011526588 4.157468052597338
8.285242455362479 -2.000754243074224
-9.061045129074017 -0.5758463633027515
8.811078599982254 1.959699804175729
8.459728293089109 1.114782738946761
-7.934844405642425 -4.337697436877904
6.404940412898643 5.592682094039926
2.312307995374662 -8.578333110628503
-8.189473786197286 -2.453107299857031
-2.70037226477613 8.684454630360852
8.561053652188805 0.04877579416321409
7.137369006695235 -4.679287057614783
3.480491172243186 7.778805795247703
-4.330697955613193 7.991506359702834
-6.700464731340381 -5.370094705980801
8.656947392604291 2.610349142962699
8.044495275401728 4.20334305236776
0.6647127706139746 9.012191367630708
-1.766565644422979 -8.411169312353948
-7.040559181103552 -4.902346853049743
-7.586389488816836 -4.928398931541354
2.430336809592279 8.790586377503839
1.397971837644259 -8.961430413379887
0.6098279232662654 -9.051069443085963
6.407336154746603 6.506177158811353
-6.993191758959286 5.867984625694701
9.001019192542763 -1.450312446921018
5.008022095580825 -6.998197358687392
8.295624128485773 3.586539263412599
3.92638891006765 -8.170148569106971
-4.634243936035504 -7.166747043451344
4.568238326846054 7.902098836029296
6.925726023181921 -5.112260090196124
5.816004793828063 -6.344362515679778
4.649651070998203 -7.793182686624209
-6.625069692184288 -6.300789041920589
-3.242621510958329 7.933020001663388
-7.661760635786799 -3.986630620085396
1.440553436864817 -8.549264464471909
-9.148078342560483 0.5813774867833349
0.4409179788758172 -8.646342819128124
5.582845439532624 6.497431156277699
-4.669839807564874 7.218059464706727
-3.33619367744801 -7.998309093981305
-5.501469481710636 6.565954583286566
1.489286698834933 8.536950743027303
Elements
2891
375 420 376
397 421 398
364 419 365
353 417 354
320 415 321
331 414 332
408 418 409
342 416 343
386 422 387
347 428 348
391 423 392
402 426 403
359 436 360
326 433 327
337 434 338
348 435 349
325 431 326
413 430 1
336 429 337
380 424 381
1 432 316
369 425 370
358 427 359
370 438 371
392 440 393
381 439 382
403 437 404
396 441 397
407 445 408
363 444 364
352 446 353
374 443 375
385 442 386
319 449 320
341 447 342
332 451 333
409 452 410
330 448 331
321 450 322
343 453 344
387 457 388
365 455 366
398 458 399
354 454 355
376 456 377
368 461 369
390 459 391
357 463 358
371 474 372
379 460 380
346 464 347
335 466 336
401 462 402
412 465 413
360 472 361
382 475 383
327 469 328
324 467 325
316 468 317
349 471 350
338 470 339
393 476 394
404 473 405
384 477 385
373 479 374
355 490 356
340 483 341
362 480 363
329 484 330
395 478 396
366 491 367
322 486 323
351 482 352
344 488 345
318 485 319
333 487 334
377 493 378
406 481 407
410 489 411
399 492 400
388 494 389
405 507 406
394 511 395
361 509 362
350 508 351
339 506 340
323 503 324
411 500 412
400 496 401
317 504 318
328 505 329
356 499 357
334 502 335
345 501 346
389 495 390
372 510 373
383 512 384
378 497 379
367 498 368
457 610 388
456 617 377
458 602 399
455 625 366
330 598 448
319 608 449
453 620 344
454 627 355
452 630 410
451 622 333
407 600 445
341 612 447
450 632 322
363 604 444
352 615 446
385 603 442
396 605 441
374 619 443
439 577 382
438 583 371
440 592 393
436 560 360
437 582 404
434 574 338
435 586 349
433 568 327
325 570 431
413 556 430
432 584 316
336 562 429
402 566 426
358 594 427
347 597 428
369 593 425
380 578 424
391 572 423
421 535 398
420 536 376
422 548 387
419 541 365
417 543 354
414 537 332
418 539 409
320 532 415
416 554 343
415 555 321
331 552 414
342 534 416
353 551 417
408 553 418
364 545 419
386 531 422
375 550 420
397 546 421
423 571 392
430 581 1
429 595 337
326 596 433
359 591 436
403 576 437
348 565 435
370 559 438
381 588 439
425 558 370
426 573 403
424 587 381
427 557 359
428 564 348
1 580 432
431 590 326
337 589 434
392 569 440
441 547 397
449 533 320
409 540 452
332 538 451
354 544 454
387 549 457
365 542 455
443 607 375
442 628 386
444 624 364
445 626 408
446 614 353
447 613 342
321 601 450
448 629 331
343 611 453
376 618 456
398 621 458
460 579 380
462 567 402
466 563 336
316 585 468
338 575 470
360 561 472
459 642 391
461 657 369
463 655 358
464 641 347
465 653 413
327 662 469
467 671 325
404 638 473
349 665 471
371 668 474
393 644 476
382 670 475
478 606 396
482 616 352
484 599 330
485 609 319
322 633 486
410 631 489
333 623 487
477 686 385
479 678 374
480 677 363
481 672 407
483 689 341
344 685 488
355 675 490
366 680 491
399 684 492
377 682 493
388 683 494
497 664 379
498 650 368
499 646 357
500 648 412
317 659 504
328 652 505
350 640 508
361 637 509
495 692 390
496 697 401
501 708 346
502 690 335
503 709 324
339 698 506
405 694 507
372 702 510
394 703 511
383 707 512
362 704 515
395 693 514
406 701 517
522 706 411
340 700 520
351 699 518
527 705 334
528 691 389
529 695 400
526 696 367
373 725 516
318 723 524
525 716 345
329 720 521
519 717 356
384 710 513
530 721 378
523 711 323
411 687 522
517 676 406
400 673 529
524 688 318
356 679 519
521 681 329
516 674 373
367 726 526
378 713 530
345 718 525
334 722 527
389 715 528
520 712 340
518 727 351
323 724 523
513 728 384
515 714 362
514 719 395
412 648 647
368 650 649
639 640 350
658 659 317
379 664 663
651 652 328
636 637 361
357 646 645
669 703 394
346 708 667
390 692 660
666 694 405
401 697 661
656 698 339
643 707 383
635 702 372
335 690 654
324 709 634
630 631 410
632 633 322
622 623 333
352 616 615
396 606 605
319 609 608
330 599 598
602 684 399
617 682 377
620 685 344
610 683 388
627 675 355
374 678 619
363 677 604
341 689 612
625 680 366
385 686 603
407 672 600
336 563 562
560 561 360
584 585 316
402 567 566
380 579 578
574 575 338
347 641 597
592 644 393
325 671 570
391 642 572
582 638 404
369 657 593
358 655 594
583 668 371
413 653 556
586 665 349
577 670 382
568 662 327
229 422 228
159 419 158
194 420 193
264 421 263
124 417 123
89 416 88
299 418 298
54 414 53
19 415 18
245 423 244
280 426 279
108 435 107
178 438 177
35 431 34
283 437 282
70 429 69
175 425 174
38 433 37
143 436 142
315 430 314
73 434 72
210 424 209
3 432 2
248 440 247
105 428 104
213 439 212
140 427 139
156 444 155
261 441 260
86 447 85
121 446 120
127 454 126
302 452 301
51 448 50
92 453 91
22 450 21
162 455 161
191 443 190
296 445 295
197 456 196
226 442 225
16 449 15
267 458 266
232 457 231
57 451 56
277 462 276
286 473 285
207 460 206
137 463 136
111 471 110
146 472 145
6 468 5
76 470 75
41 469 40
102 464 101
242 459 241
312 465 311
32 467 31
216 475 215
172 461 171
251 476 250
67 466 66
181 474 180
258 478 257
293 481 292
60 487 59
48 484 47
188 479 187
13 485 12
200 493 199
130 490 129
83 483 82
223 477 222
305 489 304
153 480 152
95 488 94
118 482 117
235 494 234
270 492 269
25 486 24
165 491 164
309 500 308
149 509 148
64 502 63
169 498 168
239 495 238
29 503 28
114 508 113
134 499 133
204 497 203
99 501 98
44 505 43
9 504 8
219 512 218
79 506 78
274 496 273
184 510 183
254 511 253
289 507 288
397 547 546
541 542 365
539 540 409
548 549 387
543 544 354
320 533 532
537 538 332
535 621 398
554 611 343
408 626 553
375 607 550
536 618 376
364 624 545
555 601 321
331 629 552
342 613 534
353 614 551
386 628 531
337 595 589
590 596 326
557 591 359
392 571 569
573 576 403
1 581 580
587 588 381
564 565 348
558 559 370
291 517 290
272 529 271
307 522 306
256 514 255
116 518 115
221 513 220
132 519 131
151 515 150
11 524 10
46 521 45
202 530 201
186 516 185
27 523 26
62 527 61
81 520 80
97 525 96
167 526 166
237 528 236
282 576 281
0 581 315
37 596 36
246 571 245
142 591 141
71 595 70
107 565 106
177 559 176
212 588 211
231 549 230
301 540 300
17 533 16
262 547 261
56 538 55
126 544 125
161 542 160
21 601 20
122 614 121
192 607 191
91 611 90
87 613 86
196 618 195
297 626 296
52 629 51
157 624 156
227 628 226
266 621 265
278 567 277
208 579 207
75 575 74
145 561 144
5 585 4
68 563 67
138 655 137
285 638 284
250 644 249
243 642 242
103 641 102
40 662 39
173 657 172
313 653 312
110 665 109
180 668 179
215 670 214
33 671 32
259 606 258
119 616 118
24 633 23
304 631 303
59 623 58
14 609 13
49 599 48
189 678 188
164 680 163
129 675 128
234 683 233
199 682 198
154 677 153
224 686 223
294 672 293
94 685 93
84 689 83
269 684 268
176 558 175
141 557 140
2 580 0
247 569 246
281 573 280
211 587 210
106 564 105
72 589 71
36 590 35
228 531 227
55 537 54
125 543 124
18 532 17
160 541 159
195 536 194
265 535 264
88 534 87
158 545 157
300 539 299
53 552 52
263 546 262
123 551 122
230 548 229
193 550 192
298 553 297
20 555 19
90 554 89
74 574 73
214 577 213
314 556 313
179 583 178
39 568 38
144 560 143
109 586 108
34 570 33
69 562 68
4 584 3
279 566 278
209 578 208
174 593 173
284 582 283
139 594 138
244 572 243
249 592 248
104 597 103
310 648 309
148 637 147
43 652 42
205 664 204
170 650 169
135 646 134
113 640 112
8 659 7
288 694 287
275 697 274
65 690 64
240 692 239
183 702 182
30 709 29
218 707 217
253 703 252
78 698 77
100 708 99
50 598 49
295 600 294
15 608 14
233 610 232
163 625 162
85 612 84
260 605 259
225 603 224
155 604 154
58 622 57
120 615 119
198 617 197
93 620 92
23 632 22
190 619 189
268 602 267
303 630 302
128 627 127
31 634 30
147 636 146
136 645 135
182 635 181
112 639 111
217 643 216
7 658 6
77 656 76
42 651 41
171 649 170
66 654 65
206 663 205
311 647 310
276 661 275
287 666 286
241 660 240
252 669 251
101 667 100
47 681 46
187 674 186
271 673 270
131 679 130
12 688 11
292 676 291
306 687 305
257 719 256
236 715 235
26 724 25
152 714 151
117 727 116
166 726 165
201 713 200
222 728 221
82 712 81
96 718 95
61 722 60
168 696 167
273 695 272
255 693 254
115 699 114
290 701 289
238 691 237
150 704 149
63 705 62
80 700 79
308 706 307
220 710 219
28 711 27
45 720 44
133 717 132
185 725 184
203 721 202
98 716 97
10 723 9
437 576 282
315 581 430
245 571 423
433 596 37
436 591 142
70 595 429
435 565 107
438 559 177
439 588 212
452 540 301
457 549 231
454 544 126
455 542 161
261 547 441
451 538 56
16 533 449
450 601 21
121 614 446
191 607 443
453 611 91
456 618 196
86 613 447
156 624 444
51 629 448
226 628 442
296 626 445
458 621 266
277 567 462
470 575 75
207 579 460
468 585 5
67 563 466
472 561 145
476 644 250
102 641 464
242 642 459
137 655 463
473 638 285
172 657 461
469 662 40
312 653 465
471 665 110
475 670 215
474 668 180
32 671 467
422 531 228
159 541 419
124 543 417
54 537 414
415 532 18
264 535 421
421 546 263
299 539 418
419 545 158
416 534 88
194 536 420
417 551 123
414 552 53
229 548 422
418 553 298
420 550 193
19 555 415
89 554 416
432 580 2
175 558 425
210 587 424
140 557 427
105 564 428
280 573 426
440 569 247
35 590 431
434 589 72
143 560 436
213 577 439
429 562 69
73 574 434
3 584 432
38 568 433
430 556 314
424 578 209
108 586 435
178 583 438
426 566 279
423 572 244
431 570 34
425 593 174
427 594 139
283 582 437
248 592 440
428 597 104
448 598 50
449 608 15
445 600 295
57 622 451
441 605 260
442 603 225
162 625 455
232 610 457
446 615 120
447 612 85
444 604 155
302 630 452
22 632 450
92 620 453
197 617 456
127 627 454
267 602 458
443 619 190
489 631 304
13 609 485
48 599 484
258 606 478
118 616 482
486 633 24
487 623 59
490 675 129
293 672 481
491 680 164
494 683 234
188 678 479
153 677 480
493 682 199
488 685 94
83 689 483
223 686 477
492 684 269
589 595 71
569 571 246
141 591 557
36 596 590
281 576 573
580 581 0
176 559 558
106 565 564
211 588 587
532 533 17
55 538 537
230 549 548
300 540 539
546 547 262
125 544 543
160 542 541
534 613 87
90 611 554
265 621 535
553 626 297
550 607 192
20 601 555
195 618 536
545 624 157
552 629 52
551 614 122
531 628 227
467 634 31
463 645 136
216 643 475
6 658 468
181 635 474
111 639 471
461 649 171
146 636 472
41 651 469
76 656 470
460 663 206
466 654 66
286 666 473
465 647 311
464 667 101
462 661 276
459 660 241
251 669 476
566 567 278
578 579 208
74 575 574
562 563 68
144 561 560
4 585 584
570 671 33
284 638 582
249 644 592
556 653 313
39 662 568
597 641 103
594 655 138
593 657 173
179 668 583
572 642 243
109 665 586
214 670 577
130 679 490
479 674 187
270 673 492
484 681 47
485 688 12
481 676 292
305 687 489
309 648 500
204 664 497
134 646 499
509 637 148
505 652 43
169 650 498
508 640 113
504 659 8
507 694 288
64 690 502
274 697 496
510 702 183
239 692 495
506 698 78
99 708 501
512 707 218
511 703 253
29 709 503
60 722 487
483 712 82
477 728 222
95 718 488
200 713 493
25 724 486
235 715 494
480 714 152
478 719 257
165 726 491
482 727 117
605 606 259
615 616 119
23 633 632
58 623 622
608 609 14
303 631 630
598 599 49
268 684 602
604 677 154
603 686 224
619 678 189
198 682 617
233 683 610
93 685 620
600 672 294
163 680 625
612 689 84
128 675 627
254 693 511
496 695 273
498 696 168
114 699 508
79 700 506
495 691 238
502 705 63
149 704 509
289 701 507
500 706 308
503 711 28
501 716 98
219 710 512
499 717 133
9 723 504
44 720 505
497 721 203
184 725 510
147 637 636
647 648 310
42 652 651
663 664 205
112 640 639
649 650 170
7 659 658
645 646 135
654 690 65
660 692 240
661 697 275
287 694 666
634 709 30
77 698 656
182 702 635
252 703 669
217 707 643
667 708 100
291 676 517
522 687 306
186 674 516
529 673 271
46 681 521
11 688 524
519 679 131
256 719 514
151 714 515
528 715 236
116 727 518
526 726 166
530 713 201
81 712 520
523 724 26
525 718 96
221 728 513
527 722 61
517 701 290
167 696 526
518 699 115
237 691 528
514 693 255
272 695 529
307 706 522
62 705 527
515 704 150
520 700 80
513 710 220
27 711 523
521 720 45
132 717 519
202 721 530
516 725 185
524 723 10
97 716 525
468 658 317
318 688 485
504 723 318
486 724 323
323 711 503
324 634 467
469 651 328
329 681 484
505 720 329
487 722 334
334 705 502
335 654 466
470 656 339
340 712 483
506 700 340
488 718 345
345 716 501
346 667 464
471 639 350
351 727 482
508 699 351
490 679 356
356 717 499
357 645 463
472 636 361
362 714 480
509 704 362
491 726 367
367 696 498
368 649 461
474 635 372
373 674 479
510 725 373
493 713 378
378 721 497
379 663 460
475 643 383
384 728 477
512 710 384
494 715 389
389 691 495
390 660 459
476 669 394
395 719 478
511 693 395
492 673 400
400 695 496
401 661 462
473 666 405
406 676 481
507 701 406
489 687 411
411 706 500
412 647 465
1200 1540 1128
361 1556 360
358 1192 357
394 1565 393
1238 1530 738
1274 1504 747
730 1192 358
1236 1530 1238
1184 1192 730
346 1499 736
741 1191 1185
1185 1186 741
1504 1551 747
761 1500 1196
746 1540 1200
730 1197 1184
1152 1340 1197
360 1556 1198
1502 1565 394
1276 1535 733
1529 1542 1244
734 1502 395
1526 1527 1346
1523 1528 1182
756 1519 1337
751 1537 1415
1415 1534 751
1273 1535 1276
359 1198 730
1514 1579 754
1269 1579 1514
739 1233 1232
1517 1518 1344
413 1513 412
735 1586 1188
731 1547 1268
360 1198 359
1346 1568 1526
743 1513 413
1528 1590 1182
1454 1537 751
739 1234 1233
347 1499 346
753 1561 1426
1188 1516 735
1152 1197 1153
1197 1340 1184
1344 1544 1517
1140 1218 1191
751 1549 1454
1268 1570 731
757 1542 1529
395 1502 394
1337 1588 756
1200 1507 746
1553 1564 1363
1196 1560 761
1191 1218 1185
1414 1539 1415
1549 1567 1454
1454 1567 1506
742 1564 1553
1128 1540 1192
761 1504 1500
1415 1539 1534
1188 1586 1189
759 1556 361
1501 1502 734
373 1578 1563
1337 1519 1251
1507 1538 746
1499 1594 736
730 1198 1197
319 1573 1561
1192 1540 357
1230 1531 763
1574 1586 322
338 1575 1557
731 1510 333
1189 1586 1574
393 1565 745
1522 1530 1236
1232 1541 739
1182 1546 1523
763 1602 1230
1536 1559 1180
1426 1562 753
1176 1577 1572
1191 1219 1140
1563 1578 1376
1244 1599 1529
391 1580 1190
1190 1581 391
1572 1577 752
737 1195 1194
1561 1573 1427
1191 1511 1219
1236 1533 1522
333 1510 332
1426 1561 1427
1557 1575 1384
1268 1547 1269
1327 1558 1545
737 1196 1195
745 1565 1410
758 1559 1536
1524 1525 1482
1527 1562 1346
1234 1538 1507
1174 1202 1199
1193 1503 759
1234 1495 1233
1197 1198 1153
1513 1584 412
1186 1593 741
1545 1558 760
1518 1576 1344
762 1599 1246
1511 1543 1219
741 1511 1191
765 1202 1174
743 1515 1513
1410 1596 745
1196 1496 1195
1246 1582 762
770 1494 1202
1219 1508 1140
1202 1494 1199
770 1202 767
1525 1591 1482
1135 1203 1201
1135 1201 1177
1201 1203 768
1203 1493 772
1135 1493 1203
769 1203 772
1072 1494 1136
1136 1494 1204
774 1216 1204
1199 1494 1072
1204 1216 1136
774 1204 771
1137 1493 1073
1207 1493 1137
1207 1489 776
1073 1493 1135
1137 1489 1207
773 1207 776
1205 1216 774
775 1205 774
1143 1484 1211
1138 1490 1489
781 1210 784
1211 1484 1210
1138 1489 1137
1208 1209 780
1212 1491 1211
1206 1488 1213
780 1210 781
1138 1492 1490
1485 1491 1212
1215 1217 1170
1216 1487 1136
1210 1484 784
1213 1488 1039
1211 1491 1143
777 1208 780
1213 1487 1216
1214 1217 1215
1143 1491 1226
782 1214 779
1170 1486 1215
782 1217 1214
1209 1210 780
1039 1487 1213
1490 1492 1212
779 1214 778
1489 1490 1208
1429 1486 1170
1215 1488 1206
1209 1211 1210
1209 1212 1211
782 1480 1217
783 1480 782
1377 1470 1058
1139 1218 1140
1228 1466 1224
1139 1220 1218
1068 1220 1019
1045 1466 1228
1218 1220 1068
1416 1441 1413
1222 1224 863
1113 1470 1377
857 1225 859
1023 1441 1416
1220 1473 1467
1224 1225 863
1332 1452 1289
1252 1405 1258
863 1286 1222
790 1477 1463
1084 1438 1179
863 1225 857
1297 1336 1021
1420 1461 914
1293 1336 1297
1222 1286 1223
1225 1306 859
1033 1353 1031
1411 1436 989
1256 1257 1223
1179 1438 1238
889 1476 1469
1263 1400 1264
1227 1430 946
1052 1270 1026
962 1333 1226
1021 1299 1297
1066 1240 1093
1082 1400 1263
945 1227 946
356 746 355
372 733 371
1223 1286 1256
1263 1406 1082
1257 1315 1144
1166 1478 1165
1035 1221 1151
952 1338 980
1152 1430 1340
1221 1436 1411
1333 1374 1226
895 1452 1332
1026 1270 1053
1242 1338 952
1052 1271 1270
1082 1406 1291
1309 1428 1382
1070 1300 996
1229 1232 1126
1467 1473 1228
378 741 377
1247 1324 914
1248 1321 928
794 1474 1447
1008 1290 983
1149 1239 988
1052 1409 1271
1224 1466 1225
1239 1405 1252
367 761 366
1257 1361 1223
990 1351 1221
1021 1300 1299
1476 1479 1172
1413 1441 1101
928 1324 1248
967 1351 990
1053 1267 1266
1144 1315 1285
1258 1405 892
1356 1381 931
949 1303 975
1441 1443 1101
1276 1310 1122
408 729 407
1040 1326 1308
1101 1443 1050
1260 1313 1094
1144 1361 1257
1050 1353 1033
1070 1301 1300
1053 1268 1267
1252 1258 1093
1292 1336 1293
956 1388 940
988 1239 997
1175 1245 1059
1105 1374 1085
1357 1358 1092
1240 1252 1093
353 739 352
1342 1390 919
1253 1370 926
1248 1324 1247
885 1253 888
1309 1382 985
1004 1313 1260
1264 1400 1308
1290 1332 1289
892 1421 1258
1382 1428 901
943 1292 911
914 1461 1247
1321 1367 928
1064 1235 1116
1123 1186 1185
1276 1311 1310
351 763 350
870 1315 1257
888 1253 926
996 1300 1021
1031 1353 1040
1126 1377 1058
1232 1233 1126
1443 1459 1050
1322 1355 1323
362 759 361
832 1277 838
838 1277 927
855 1286 863
911 1292 913
1002 1227 945
1054 1345 978
1220 1467 1019
1356 1357 1092
1175 1246 1245
1345 1347 1346
337 754 336
1370 1374 926
929 1302 1284
1308 1400 1040
1057 1229 1126
1059 1245 1061
1121 1227 1002
1112 1327 1110
1261 1404 1403
411 758 410
878 1421 892
926 1374 1333
983 1290 1041
1398 1460 1098
1221 1411 1151
365 737 364
836 1262 842
971 1334 1103
1028 1291 981
1053 1266 1027
1338 1409 1052
1061 1243 1242
1063 1343 1237
1066 1438 1240
1092 1381 1356
1272 1273 1122
1158 1465 1461
1282 1329 1279
893 1331 864
981 1291 953
989 1450 1394
1120 1121 1002
1010 1272 1122
1016 1361 1014
1053 1270 1268
1076 1250 1187
1226 1374 1105
1235 1236 1116
1421 1431 1150
1279 1329 1278
369 747 368
859 1306 861
1014 1361 1144
1035 1132 1131
1041 1289 1283
1283 1302 1041
1046 1465 1158
1322 1368 1355
340 744 339
853 1286 855
899 1349 910
1122 1310 1011
1416 1453 1023
1032 1266 1119
1129 1327 1112
1288 1440 1281
1293 1297 1295
1322 1367 1321
381 756 380
405 748 404
1422 1425 796
914 1324 856
1368 1379 930
946 1411 989
946 1430 1411
1020 1388 956
975 1303 1076
1141 1290 1008
1029 1266 1032
1133 1442 1034
1086 1317 1316
1387 1407 1167
1312 1435 1431
349 749 348
1265 1360 822
936 1279 1278
998 1303 949
953 1291 1259
1388 1457 954
1001 1343 1063
1082 1291 1028
1071 1410 1070
1399 1408 1091
1139 1473 1220
1318 1320 1249
1320 1321 1249
1319 1379 1368
881 882 849
1256 1286 853
907 1342 919
952 953 935
980 981 953
958 1254 959
1094 1313 970
978 1345 1037
980 1338 1052
1307 1309 985
993 1386 1146
997 1071 1070
1050 1459 1353
1058 1470 1141
1060 1362 1175
1086 1371 1317
1403 1404 1231
324 760 323
824 1265 822
856 1324 854
865 866 862
870 1341 1315
909 1287 908
1437 1440 973
979 1054 978
1009 1062 1038
1065 1354 1044
1250 1303 1051
1073 1074 1055
1085 1374 1370
1110 1124 1108
1149 1405 1239
393 745 392
850 1323 839
865 1312 867
900 902 882
884 1253 885
905 920 893
921 922 902
1329 1356 931
1005 1242 951
973 1440 1288
974 1448 1024
988 997 996
997 1239 1083
1403 1424 1004
1144 1285 1012
1017 1067 1019
1310 1311 1025
1066 1093 1065
1081 1339 1159
1240 1438 1084
1109 1110 1108
1158 1461 1420
1305 1423 1304
1449 1457 1388
327 742 326
384 732 383
399 755 398
842 1265 824
847 1341 870
882 936 849
870 1256 851
872 895 894
881 900 882
944 957 923
939 1241 937
1098 1351 967
1316 1317 972
1012 1285 995
1017 1019 1018
1311 1375 1025
1029 1030 1028
1032 1119 1048
1223 1361 1075
1086 1385 1371
1334 1350 1103
1266 1267 1119
1249 1321 1248
1249 1369 1318
1284 1302 1280
1282 1356 1329
1297 1298 1295
1308 1309 1307
346 736 345
830 831 829
855 856 854
872 894 871
916 1366 890
894 917 903
926 1333 896
923 961 912
965 1302 929
932 1446 934
936 1284 1280
1241 1341 937
995 1285 955
975 1076 1000
1036 1051 998
1061 1242 1005
1013 1015 1014
1027 1029 1028
1118 1229 1057
1064 1066 1065
1073 1135 1074
1177 1178 1074
1178 1434 1074
1080 1339 1081
1110 1327 1124
1125 1344 1343
1463 1477 1165
1469 1476 1172
1331 1435 1312
1319 1368 1320
784 1451 785
801 1316 972
813 1358 817
819 1328 815
826 1304 827
930 1348 829
841 871 840
1262 1263 842
1263 1264 842
846 1341 847
853 855 854
857 858 856
864 1331 865
902 1284 882
929 1284 902
916 1402 1366
975 976 920
951 952 935
954 955 939
941 956 940
990 1035 1034
997 1070 996
1013 1310 1025
1027 1266 1029
1044 1354 1043
1051 1337 1250
1061 1245 1244
1128 1184 1121
1345 1346 1134
1407 1429 1168
1340 1430 1227
1343 1344 1237
343 751 342
815 1328 931
817 828 826
823 1325 915
841 872 871
848 881 849
878 880 879
878 892 880
910 986 943
917 947 945
930 1379 1348
1076 1125 1000
1041 1290 1289
1093 1150 1065
1067 1401 1176
1080 1081 1079
1088 1390 1342
1093 1258 1150
1117 1183 1094
1109 1111 1110
1128 1192 1184
1307 1360 1265
1280 1302 1283
788 789 787
1086 1316 802
816 1359 821
828 841 840
846 847 839
1255 1304 840
850 1367 1323
851 1256 853
865 1331 1312
869 1389 932
875 1386 993
877 1431 1421
881 901 900
922 929 902
906 924 907
910 943 911
938 940 939
951 1242 952
991 1005 951
971 1103 1023
974 1024 1009
1011 1310 1013
1375 1401 1025
1056 1137 1073
1067 1176 1123
1181 1199 1072
1111 1172 1114
1188 1189 1129
1392 1405 1149
1261 1403 1260
1281 1282 1279
1320 1322 1321
789 791 790
802 1316 799
805 1364 808
808 1364 1091
829 1348 818
822 1360 820
1304 1423 827
844 869 868
844 873 869
936 1278 849
854 1324 928
903 1255 871
984 1077 884
885 888 887
891 898 890
901 1350 1334
925 1342 907
910 911 909
913 1292 969
949 975 920
959 960 925
936 1280 1279
948 1004 968
950 998 949
1318 1369 972
1000 1001 976
990 1221 1035
1011 1012 995
997 1083 1071
1051 1303 998
1001 1044 1043
1067 1068 1019
1037 1345 1134
1056 1254 1138
1097 1339 1080
1371 1385 1095
1111 1114 1112
1120 1128 1121
1273 1276 1122
1162 1164 1163
1176 1401 1375
1282 1357 1356
1297 1299 1298
402 740 401
789 792 791
792 793 791
793 794 791
793 796 795
793 1422 796
801 972 963
807 809 806
825 836 824
840 1304 826
830 832 831
928 1367 852
855 863 857
861 883 864
861 1306 883
867 876 875
867 877 876
869 932 868
870 1257 1256
878 879 876
880 890 879
891 899 898
891 1349 899
896 1333 906
906 907 897
899 909 908
899 910 909
924 925 907
912 1287 909
910 1349 986
932 934 933
935 1259 933
938 939 937
943 1336 1292
948 1313 1004
983 1041 965
979 1056 1055
980 1052 1026
984 1078 1077
986 1149 988
996 1021 987
1001 1063 1044
1013 1025 1015
1030 1082 1028
1042 1157 1156
1056 1073 1055
1064 1116 1066
1081 1104 1085
1081 1159 1104
1102 1145 1097
1107 1109 1108
1157 1248 1247
1163 1171 1161
1164 1166 1165
1280 1283 1281
1289 1452 1288
1371 1379 1319
797 799 798
800 803 802
812 1359 816
1092 1358 813
814 1348 1095
835 1328 819
821 1325 823
821 1359 1325
832 838 833
845 1277 832
1278 1328 835
838 927 846
1264 1265 842
853 854 852
858 914 856
888 926 896
898 916 890
900 921 902
913 944 923
957 1335 923
941 1098 967
967 977 956
1034 1442 977
986 1349 1149
1000 1343 1001
1013 1014 1012
1014 1144 1012
1015 1017 1016
1032 1048 1033
1048 1049 1033
1042 1156 1155
1057 1126 1058
1063 1235 1064
1087 1222 1075
1078 1096 1080
1078 1314 1096
1348 1379 1095
1099 1102 1097
1145 1444 1339
1399 1419 1148
1351 1436 1221
1278 1329 1328
1373 1391 1314
1317 1371 1319
1415 1416 1413
387 750 386
789 790 787
800 802 799
804 1086 802
803 805 804
805 807 806
808 812 811
818 1348 814
817 1358 828
828 840 826
831 930 829
848 849 835
847 870 851
852 1367 850
855 857 856
861 864 862
865 867 866
873 884 874
879 1386 876
1154 1389 886
896 897 889
907 919 897
899 908 898
918 1394 903
921 971 970
1328 1329 931
1259 1393 933
940 1388 954
947 1003 1002
948 968 965
952 980 953
1317 1318 972
1288 1452 973
1009 1038 982
985 1360 1307
1006 1059 1005
1006 1107 1060
1007 1118 1057
1035 1151 1132
1037 1134 1089
1042 1369 1157
1116 1438 1066
1078 1079 1077
1078 1080 1079
1096 1099 1097
1099 1148 1102
1115 1129 1112
1118 1230 1229
1366 1402 1146
1157 1247 1156
1162 1163 1161
1231 1424 1403
1291 1406 1259
1293 1295 1294
1308 1326 1309
1323 1367 1322
1 743 413
318 753 317
359 730 358
396 734 395
793 795 794
797 800 799
799 801 798
801 942 798
799 1316 801
800 966 803
803 804 802
805 806 804
804 1385 1086
931 1381 811
817 826 818
834 835 819
839 1323 833
849 1278 835
837 843 836
841 973 872
844 1373 873
857 859 858
867 1312 877
873 1373 984
876 1386 875
1366 1386 879
880 891 890
1077 1253 884
904 1154 886
888 889 887
1330 1331 893
906 962 924
911 912 909
976 1330 920
921 970 922
1389 1446 932
964 1100 942
994 995 955
963 1042 964
967 990 977
971 1023 1022
993 1046 992
999 1139 1036
1106 1113 1003
1069 1272 1010
1018 1075 1016
1019 1467 1018
1037 1089 1088
1048 1130 1049
1056 1138 1137
1061 1244 1243
1062 1181 1072
1070 1410 1301
1173 1410 1071
1222 1223 1075
1096 1097 1080
1104 1105 1085
1145 1339 1097
1111 1112 1110
1118 1231 1230
1146 1402 1147
1157 1369 1249
1285 1315 1241
1264 1308 1307
1280 1281 1279
1319 1320 1318
1357 1440 1437
321 735 320
796 797 795
797 798 795
801 963 942
803 1364 805
966 1364 803
805 808 807
809 1092 813
813 814 810
814 1095 810
813 817 814
817 818 814
816 819 815
826 827 818
820 834 819
821 822 820
820 1360 834
821 823 822
823 825 824
827 1423 830
832 833 831
834 985 848
837 1373 844
838 846 839
937 1341 846
854 928 852
890 1366 879
892 1392 880
882 1284 936
888 896 889
908 1407 1387
934 935 933
938 1398 941
963 964 942
986 987 943
950 1396 1045
955 1285 1241
1042 1155 964
1001 1043 976
984 1373 1314
1436 1450 989
1046 1158 992
1010 1011 995
1059 1061 1005
1007 1057 1008
1011 1013 1012
1049 1050 1033
1062 1072 1038
1072 1136 1038
1063 1064 1044
1147 1160 1047
1054 1347 1345
1063 1237 1235
1150 1354 1065
1083 1084 1071
1084 1179 1173
1104 1142 1105
1152 1153 1132
1258 1421 1150
1295 1296 1294
1311 1376 1375
1314 1391 1372
1317 1319 1318
808 1091 812
812 815 811
815 931 811
812 816 815
823 824 822
823 915 825
825 837 836
834 848 835
843 1262 836
871 1255 840
844 868 843
927 937 846
851 853 852
883 893 864
873 874 869
875 993 992
877 878 876
880 1392 891
885 887 886
913 969 944
915 1397 1372
922 948 929
934 951 935
934 1446 991
940 954 939
944 974 957
1039 1335 957
959 978 960
963 1369 1042
984 1314 1078
993 1047 1046
999 1036 998
1125 1343 1000
1057 1058 1008
1026 1053 1027
1029 1032 1031
1031 1040 1030
1146 1147 1047
1085 1370 1079
1089 1090 1088
1089 1127 1090
1364 1399 1091
1142 1143 1105
1193 1194 1133
1147 1162 1161
1349 1392 1149
1157 1249 1248
1167 1168 1166
1170 1217 1169
1255 1305 1304
331 757 330
809 1381 1092
816 821 820
827 829 818
836 842 824
827 830 829
830 845 832
837 1391 1373
847 851 850
867 875 866
885 886 874
913 923 912
961 1287 912
927 1398 938
1037 1088 960
1293 1294 969
974 1009 982
975 1000 976
990 1034 977
986 988 987
988 996 987
993 1146 1047
1003 1120 1002
1040 1353 1326
1064 1065 1044
1228 1473 1045
1060 1175 1059
1107 1108 1060
1108 1362 1060
1095 1379 1371
1096 1372 1099
1098 1460 1352
1372 1397 1099
1143 1226 1105
1121 1340 1227
1233 1377 1126
1162 1378 1164
1168 1170 1169
1283 1289 1288
796 1365 797
809 810 806
811 1381 807
809 813 810
851 852 850
859 861 860
894 903 871
973 1452 872
873 984 884
887 904 886
920 1330 893
1287 1407 908
911 913 912
1325 1397 915
923 1335 961
924 958 925
1355 1368 930
953 1259 935
938 941 940
955 1241 939
954 994 955
972 1369 963
968 983 965
1041 1302 965
1004 1424 968
971 1022 970
1043 1330 976
1026 1027 981
994 1010 995
1017 1018 1016
1018 1087 1075
1135 1177 1074
1076 1187 1125
1081 1085 1079
1314 1372 1096
1148 1419 1102
1114 1115 1112
1131 1193 1133
1145 1425 1422
1146 1386 1366
1378 1387 1167
1315 1341 1241
1259 1406 1393
1264 1307 1265
1352 1436 1351
390 738 389
785 787 786
795 1380 794
798 1380 795
797 1365 800
800 1365 966
806 1385 804
808 811 807
807 1381 809
816 820 819
915 1391 825
875 992 866
932 933 868
884 885 874
917 918 903
905 949 920
959 979 978
959 1254 979
1022 1094 970
1006 1060 1059
1029 1031 1030
1123 1185 1068
1079 1370 1077
1111 1462 1172
1120 1200 1128
1184 1340 1121
1147 1161 1160
1147 1402 1162
1164 1167 1166
1164 1378 1167
1168 1429 1170
1320 1368 1322
329 762 328
785 788 787
810 1385 806
838 839 833
1323 1355 833
847 850 839
917 945 918
945 946 918
948 965 929
1100 1380 942
950 999 998
979 1055 1054
1015 1401 1017
1022 1117 1094
1069 1274 1272
1084 1173 1071
1098 1352 1351
1159 1439 1104
1115 1188 1129
1164 1165 1163
1171 1474 1472
375 752 374
942 1380 798
1091 1359 812
834 1360 985
864 865 862
992 1395 866
883 905 893
896 906 897
901 1428 1350
927 938 937
950 1045 999
1292 1293 969
1027 1028 981
1010 1122 1011
1035 1131 1034
1083 1240 1084
1099 1397 1148
1124 1363 1362
1148 1408 1399
1179 1190 1173
1183 1261 1260
1095 1385 810
837 844 843
895 1433 894
898 1387 916
905 950 949
906 1333 962
921 1334 971
970 1313 922
977 1020 956
982 1039 957
978 1037 960
1088 1342 960
966 1399 1364
979 1254 1056
1158 1395 992
1007 1424 1118
1075 1361 1016
1017 1401 1067
1139 1140 1036
1049 1101 1050
1185 1218 1068
1077 1370 1253
1151 1152 1132
1162 1402 1378
1168 1169 1166
1250 1251 1187
1243 1338 1242
1268 1269 1267
825 1391 837
859 860 858
861 862 860
903 1394 1255
989 1394 918
947 1002 945
947 1106 1003
954 1457 994
974 982 957
968 1007 983
1021 1336 987
994 1069 1010
1058 1141 1008
1076 1303 1250
1087 1224 1222
1141 1475 1332
1167 1407 1168
794 1447 791
862 1395 860
1312 1431 877
891 1392 1349
892 1405 1392
1372 1391 915
958 959 925
1015 1016 1014
1062 1182 1181
1150 1431 1354
1447 1474 1171
1287 1429 1407
1432 1444 792
833 1355 831
866 1395 862
894 1433 917
901 1334 900
991 1006 1005
1260 1403 1004
1032 1033 1031
1067 1123 1068
1239 1252 1083
1087 1228 1224
1091 1408 1359
1102 1425 1145
1194 1195 1133
789 1432 792
843 1393 1262
934 991 951
980 1026 981
1024 1417 1009
1236 1238 1116
1383 1384 1130
1281 1440 1282
1283 1288 1281
1412 1414 1413
868 1393 843
933 1393 868
877 1421 878
960 1342 925
966 1419 1399
1118 1424 1231
1151 1430 1152
1159 1444 1432
334 731 333
831 1355 930
941 967 956
1131 1133 1034
1183 1260 1094
1238 1438 1116
1422 1444 1145
841 1437 973
858 1420 914
916 1387 1378
1378 1402 916
946 989 918
941 1398 1098
968 1424 1007
1419 1425 1102
874 1389 869
908 1387 898
1277 1398 927
1047 1471 1046
1158 1420 1395
1431 1435 1354
796 1425 1365
1395 1420 860
922 1313 948
1007 1008 983
1172 1479 1114
1393 1406 1262
1277 1460 1398
1325 1408 1397
886 1389 874
1365 1419 966
991 1446 1445
1040 1400 1030
1141 1332 1290
1432 1439 1159
1305 1456 1423
1414 1415 1413
788 1432 789
792 1422 793
987 1336 943
1025 1401 1015
1062 1417 1182
1394 1450 1305
1359 1408 1325
1352 1450 1436
830 1423 845
900 1334 921
1006 1445 1107
1024 1464 1418
1069 1275 1274
1083 1252 1240
1090 1390 1088
1330 1435 1331
860 1420 858
1306 1396 883
1009 1417 1062
1103 1441 1023
1054 1434 1347
1397 1408 1148
1339 1444 1159
1255 1394 1305
1357 1437 1358
1365 1425 1419
1024 1418 1417
1104 1439 1142
1262 1406 1263
1426 1427 1127
790 1463 787
1195 1442 1133
1282 1440 1357
985 1382 848
961 1429 1287
1103 1443 1441
791 1447 790
828 1437 841
881 1382 901
1448 1464 1024
1043 1435 1330
1124 1362 1108
1326 1428 1309
785 786 783
917 1433 947
1030 1400 1082
1453 1454 1117
1154 1446 1389
872 1452 895
895 1475 1433
1074 1434 1055
1411 1430 1151
1358 1437 828
1294 1448 969
977 1442 1020
1165 1478 1463
785 1451 788
905 1396 950
991 1445 1006
1020 1449 1388
1250 1337 1251
944 1448 974
1107 1458 1109
1275 1457 1449
964 1468 1100
1412 1413 1101
1243 1409 1338
1354 1435 1043
1350 1459 1443
1055 1434 1054
1154 1458 1445
904 1462 1458
969 1448 944
1119 1383 1048
1089 1426 1127
1134 1426 1089
1171 1472 1161
792 1444 1422
848 1382 881
883 1396 905
1458 1462 1109
947 1433 1106
1113 1455 1003
1022 1453 1117
1114 1481 1115
1450 1456 1305
904 1458 1154
1130 1412 1049
1350 1443 1103
1120 1455 1200
1439 1451 1142
788 1439 1432
1048 1383 1130
1470 1475 1141
1445 1446 1154
788 1451 1439
1445 1458 1107
1428 1459 1350
1247 1461 1156
1462 1469 1172
1045 1473 999
1163 1477 1171
1352 1456 1450
845 1460 1277
1003 1455 1120
1472 1474 1100
1461 1465 1156
889 1469 887
1423 1456 845
1023 1453 1022
1046 1471 1465
1049 1412 1101
1332 1475 895
994 1457 1069
1294 1464 1448
787 1463 786
1156 1465 1155
1353 1459 1326
1380 1474 794
1479 1481 1114
1352 1460 1456
1447 1477 790
897 1476 889
1396 1466 1045
1171 1477 1447
1296 1464 1294
1160 1471 1047
1456 1460 845
1018 1467 1087
1109 1462 1111
786 1480 783
1069 1457 1275
1106 1470 1113
1169 1478 1166
1115 1483 1188
1155 1468 964
1326 1459 1428
1161 1472 1160
1087 1467 1228
1481 1483 1115
1225 1466 1306
887 1469 904
1155 1471 1468
1468 1471 1160
1306 1466 1396
919 1479 1476
1468 1472 1100
999 1473 1139
904 1469 1462
1433 1475 1106
919 1476 897
1100 1474 1380
1165 1477 1163
1465 1471 1155
1160 1472 1468
784 785 783
1106 1475 1470
1390 1479 919
1217 1480 1169
1463 1478 786
1464 1482 1418
1390 1481 1479
1127 1483 1090
1090 1483 1481
1090 1481 1390
1296 1482 1464
1478 1480 786
1169 1480 1478
781 784 783
781 783 782
781 782 779
1214 1215 1206
1213 1216 1205
780 781 779
778 1214 1206
1206 1213 1205
784 1484 1451
1142 1484 1143
777 780 779
778 1206 1205
1451 1484 1142
924 1485 958
961 1486 1429
1136 1487 1038
982 1487 1039
778 1205 775
777 779 778
962 1485 924
1335 1486 961
1038 1487 982
1335 1488 1486
1486 1488 1215
1226 1491 962
1039 1488 1335
776 1208 777
777 778 775
1208 1490 1209
1485 1492 958
1212 1492 1485
1254 1492 1138
1209 1490 1212
776 1489 1208
962 1491 1485
958 1492 1254
776 777 775
773 776 775
773 775 774
773 774 771
772 1207 773
772 1493 1207
772 773 771
769 772 771
771 1204 770
1204 1494 770
769 771 770
1180 1201 768
769 770 767
768 1203 769
768 769 767
766 1180 768
767 1202 765
766 768 767
1233 1495 1377
1113 1495 1455
1377 1495 1113
766 767 765
1234 1583 1538
1195 1496 1442
1020 1496 1449
1295 1497 1296
1496 1500 1449
1298 1498 1497
1529 1599 762
1442 1496 1020
1298 1497 1295
1196 1500 1496
1300 1501 1299
729 766 765
765 1174 764
766 1505 1180
1131 1503 1193
1153 1503 1132
409 1505 408
408 1505 729
1261 1499 1404
1495 1507 1455
1117 1506 1183
1234 1507 1495
1051 1508 1337
1140 1508 1036
731 1570 1510
1449 1500 1275
1301 1501 1300
1414 1550 744
1119 1514 1383
1269 1514 1267
1434 1515 1347
1500 1504 1275
1132 1503 1131
1301 1502 1501
1427 1516 1127
1483 1516 1188
1182 1590 1181
1521 1535 1273
1513 1515 1178
1275 1504 1274
1509 1510 1271
1454 1506 1117
1455 1507 1200
1273 1566 1521
1036 1508 1051
729 1505 766
749 1600 1404
1512 1513 1178
744 1539 1414
378 1511 741
379 1511 378
1498 1587 397
1409 1509 1271
759 1554 1193
1427 1573 1516
397 1592 1498
1415 1537 1416
1453 1537 1454
1523 1546 740
747 1566 1274
1347 1568 1346
729 765 764
1177 1512 1178
1244 1542 1243
1193 1554 1194
738 1598 1238
1125 1544 1344
1194 1597 737
1501 1555 1299
1267 1514 1119
1235 1533 1236
1124 1545 1363
1418 1546 1417
1178 1515 1434
1363 1545 1520
1384 1550 1130
1412 1550 1414
1127 1516 1483
387 1522 750
317 1527 316
753 1527 317
729 764 407
385 1517 384
407 764 406
384 1517 732
381 1519 756
388 1522 387
740 1525 401
382 1519 381
750 1518 386
401 1525 400
748 1528 404
389 1530 388
329 1529 762
330 1529 329
757 1529 330
402 1523 740
404 1528 403
316 1526 1
399 1524 755
400 1524 399
386 1518 385
325 1520 324
403 1523 402
324 1520 760
738 1530 389
1 1526 743
370 1521 369
369 1521 747
1384 1575 1550
1246 1564 742
734 1555 1501
1237 1533 1235
1298 1555 1498
763 1531 350
349 1531 749
376 1532 375
1180 1559 1201
1506 1594 1183
1129 1558 1327
1181 1569 1199
350 1531 349
1516 1573 735
1509 1542 757
1409 1542 1509
751 1534 342
1134 1562 1426
375 1532 752
1175 1564 1246
1363 1564 1362
733 1535 371
1410 1565 1301
1272 1566 1273
739 1583 1234
746 1538 355
1270 1570 1268
758 1536 410
340 1539 744
1123 1572 1186
1497 1585 1296
357 1540 356
351 1541 763
739 1541 352
1505 1536 1180
1375 1577 1176
410 1536 409
756 1543 380
342 1534 341
736 1594 1506
755 1585 1497
371 1535 370
1510 1570 1271
1230 1602 1229
1404 1600 1231
1246 1599 1245
335 1547 334
405 1548 748
737 1560 1196
1482 1591 1418
343 1549 751
1174 1548 764
1416 1537 1453
756 1588 1543
355 1538 354
747 1551 368
367 1551 761
732 1552 383
742 1553 326
362 1554 759
316 1527 1526
385 1518 1517
388 1530 1522
400 1525 1524
403 1528 1523
1177 1559 1512
1512 1559 758
1261 1594 1499
409 1536 1505
341 1539 340
338 1557 337
356 1540 746
1404 1571 749
761 1560 366
365 1560 737
352 1541 351
1520 1553 1363
319 1561 318
373 1563 372
1243 1542 1409
380 1543 379
742 1582 1246
370 1535 1521
736 1567 345
1548 1569 748
1187 1544 1125
348 1571 347
320 1573 319
1522 1533 750
761 1551 1504
339 1575 338
1543 1588 1219
1498 1592 1497
1186 1572 1532
754 1579 336
392 1580 391
391 1581 390
335 1579 1547
762 1582 328
327 1582 742
1327 1545 1124
1497 1592 755
353 1583 739
1554 1597 1194
411 1584 758
322 1586 321
379 1543 1511
397 1587 396
1519 1552 1251
1417 1546 1182
334 1547 731
331 1589 757
406 1548 405
347 1571 1499
398 1592 397
741 1593 377
737 1597 364
1237 1576 1533
374 1578 373
1541 1602 763
764 1548 406
1534 1539 341
1532 1572 752
1506 1567 736
1520 1545 760
733 1595 1276
344 1549 343
1512 1584 1513
1198 1556 1153
382 1552 1519
325 1553 1520
1550 1575 744
1533 1576 750
1153 1556 1503
1232 1602 1541
1174 1569 1548
1130 1550 1412
757 1589 1509
368 1551 367
758 1584 1512
1517 1544 732
383 1552 382
326 1553 325
753 1562 1527
1547 1579 1269
363 1554 362
1299 1555 1298
1508 1588 1337
1199 1569 1174
323 1574 322
1311 1595 1376
1181 1590 1569
337 1557 754
1189 1558 1129
376 1593 1532
1201 1559 1177
1544 1601 732
1187 1601 1544
366 1560 365
1532 1593 1186
1383 1603 1384
760 1574 323
318 1561 753
1346 1562 1134
1503 1556 759
372 1563 733
1555 1587 1498
1362 1564 1175
1274 1566 1272
1190 1596 1173
1538 1583 354
345 1567 344
1515 1568 1347
1301 1565 1502
1344 1576 1237
1499 1571 1404
1418 1591 1546
1179 1598 1190
1173 1596 1410
1271 1570 1270
344 1567 1549
749 1571 348
1509 1589 1510
1510 1589 332
1238 1598 1179
1176 1572 1123
735 1573 320
744 1575 339
752 1578 374
1376 1577 1375
1531 1600 749
1230 1600 1531
1276 1595 1311
336 1579 335
745 1580 392
390 1581 738
743 1568 1515
1482 1585 1524
328 1582 327
1514 1603 1383
354 1583 353
412 1584 411
1526 1568 743
1296 1585 1482
321 1586 735
396 1587 734
1521 1566 747
363 1597 1554
332 1589 331
755 1592 398
377 1593 376
1183 1594 1261
364 1597 363
1245 1599 1244
1231 1600 1230
1251 1601 1187
1229 1602 1232
750 1576 1518
1219 1588 1508
1376 1595 1563
1384 1603 1557
754 1603 1514
1524 1585 755
1558 1574 760
1546 1591 740
734 1587 1555
732 1601 1552
748 1590 1528
740 1591 1525
1189 1574 1558
1569 1590 748
1580 1596 1190
1190 1598 1581
1577 1578 752
1376 1578 1577
1552 1601 1251
1563 1595 733
1557 1603 754
745 1596 1580
1581 1598 738
