Nodes
1536
10 0
9.5 0
9.987569212189223 0.4984588566069704
9.950307753654014 0.9956784659581641
9.888308262251286 1.490422661761741
9.801724878485439 1.981461431993971
9.69077286229078 2.46757397690293
9.55572805786141 2.947551744109034
9.396926207859087 3.420201433256679
9.21476211870408 3.884347962746937
9.009688679024196 4.338837391175571
8.782215733702291 4.782539786213171
8.532908816321564 5.214352033794968
8.262387743159959 5.633200580636207
7.971325072229234 6.038044103254761
7.660444431189791 6.42787609686538
7.330518718298276 6.801727377709181
6.982368180860742 7.158668492597171
6.61685837596861 7.497812029677329
6.234898018587352 7.818314824680284
5.837436722347916 8.119380057158553
5.425462638657613 8.400259231507702
5.000000000000022 8.660254037844373
4.562106573531652 8.898718088114673
4.112871031306141 9.115058523116721
3.653410243663977 9.308737486442032
3.184866502516872 9.479273461671308
2.708404681430079 9.626242469500113
2.225209339563175 9.74927912181823
1.736481776669335 9.848077530122074
1.243437046474884 9.922392066001716
0.7473009358642748 9.972037971811799
0.2493069173807614 9.996891820008162
-0.2493069173806936 9.996891820008164
-0.7473009358642051 9.972037971811805
-1.243437046474812 9.922392066001727
-1.736481776669261 9.848077530122088
-2.2252093395631 9.749279121818246
-2.708404681430006 9.626242469500134
-3.184866502516801 9.479273461671333
-3.653410243663906 9.308737486442061
-4.112871031306069 9.115058523116753
-4.562106573531582 8.898718088114709
-4.999999999999956 8.660254037844412
-5.425462638657549 8.400259231507745
-5.837436722347853 8.119380057158597
-6.234898018587289 7.818314824680335
-6.616858375968552 7.497812029677378
-6.982368180860687 7.158668492597226
-7.330518718298221 6.80172737770924
-7.660444431189743 6.42787609686544
-7.97132507222919 6.038044103254819
-8.262387743159914 5.633200580636269
-8.532908816321523 5.214352033795034
-8.782215733702255 4.782539786213239
-9.009688679024164 4.338837391175638
-9.214762118704051 3.884347962747008
-9.39692620785906 3.420201433256751
-9.555728057861387 2.947551744109105
-9.690772862290762 2.467573976903003
-9.801724878485425 1.981461431994041
-9.888308262251275 1.490422661761813
-9.950307753654007 0.9956784659582379
-9.98756921218922 0.4984588566070414
-10 7.22788799298324e-14
-9.987569212189229 -0.498458856606897
-9.950307753654021 -0.9956784659580897
-9.888308262251297 -1.490422661761666
-9.801724878485455 -1.981461431993895
-9.6907728622908 -2.467573976902858
-9.55572805786143 -2.947551744108967
-9.39692620785911 -3.420201433256616
-9.214762118704108 -3.884347962746875
-9.009688679024224 -4.338837391175511
-8.782215733702321 -4.782539786213117
-8.532908816321594 -5.214352033794919
-8.262387743159985 -5.633200580636165
-7.971325072229264 -6.038044103254721
-7.660444431189823 -6.427876096865342
-7.330518718298308 -6.801727377709145
-6.982368180860774 -7.15866849259714
-6.616858375968643 -7.497812029677299
-6.234898018587385 -7.818314824680258
-5.837436722347949 -8.119380057158528
-5.425462638657645 -8.400259231507683
-5.00000000000005 -8.660254037844357
-4.56210657353168 -8.898718088114661
-4.112871031306165 -9.115058523116708
-3.653410243663999 -9.308737486442023
-3.184866502516892 -9.479273461671301
-2.708404681430098 -9.626242469500108
-2.225209339563189 -9.749279121818226
-1.736481776669356 -9.848077530122071
-1.243437046474902 -9.922392066001715
-0.7473009358642915 -9.972037971811798
-0.249306917380776 -9.996891820008161
0.2493069173806835 -9.996891820008164
0.7473009358641993 -9.972037971811805
1.24343704647482 -9.922392066001725
1.736481776669265 -9.848077530122088
2.225209339563107 -9.749279121818244
2.708404681430008 -9.626242469500133
3.184866502516804 -9.479273461671331
3.653410243663913 -9.308737486442057
4.11287103130608 -9.115058523116748
4.562106573531597 -8.898718088114704
4.99999999999997 -8.660254037844403
5.425462638657566 -8.400259231507732
5.837436722347874 -8.119380057158583
6.234898018587312 -7.818314824680316
6.616858375968574 -7.49781202967736
6.982368180860711 -7.158668492597203
7.330518718298241 -6.801727377709216
7.660444431189761 -6.427876096865416
7.971325072229209 -6.038044103254796
8.262387743159934 -5.633200580636242
8.532908816321545 -5.214352033795001
8.782215733702275 -4.782539786213201
9.009688679024183 -4.338837391175599
9.214762118704073 -3.884347962746956
9.396926207859082 -3.420201433256694
9.555728057861405 -2.947551744109047
9.690772862290778 -2.46757397690294
9.801724878485437 -1.981461431993977
9.888308262251284 -1.490422661761753
9.950307753654013 -0.9956784659581729
9.987569212189223 -0.498458856606976
9.486980580168451 0.4971915843079668
9.447958005998597 0.9930204010427085
9.383039235653808 1.486127417882194
9.292402206971152 1.975161062768715
9.176295349746148 2.458780928473949
9.035036904803958 2.935661446562002
8.869014051723417 3.404495520680354
8.678681847604707 3.863998109220104
8.464561979789494 4.312909747525696
8.227241335952165 4.750000000000002
7.967370395481527 5.17407083264276
7.685661446561999 5.583959896778497
7.382886633841221 5.978543714973458
7.059875842035242 6.356740760409156
6.717514421272198 6.717514421272205
6.356740760409149 7.059875842035249
5.978543714973452 7.382886633841227
5.58395989677849 7.685661446562004
5.174070832642753 7.967370395481531
4.749999999999996 8.22724133595217
4.31290974752569 8.464561979789497
3.863998109220096 8.678681847604711
3.404495520680348 8.869014051723418
2.935661446561997 9.03503690480396
2.458780928473943 9.17629534974615
1.975161062768711 9.292402206971154
1.486127417882189 9.383039235653809
0.9930204010427036 9.447958005998597
0.4971915843079635 9.486980580168453
-3.637159475509966e-15 9.5
-0.4971915843079686 9.486980580168451
-0.9930204010427108 9.447958005998597
-1.486127417882195 9.383039235653808
-1.975161062768716 9.292402206971152
-2.45878092847395 9.176295349746148
-2.935661446562006 9.035036904803958
-3.404495520680358 8.869014051723415
-3.863998109220106 8.678681847604706
-4.312909747525701 8.46456197978949
-4.750000000000005 8.227241335952163
-5.174070832642761 7.967370395481526
-5.583959896778498 7.685661446561999
-5.97854371497346 7.38288663384122
-6.356740760409156 7.059875842035242
-6.717514421272204 6.717514421272199
-7.059875842035249 6.356740760409148
-7.382886633841227 5.978543714973452
-7.685661446562003 5.583959896778492
-7.967370395481532 5.174070832642752
-8.22724133595217 4.749999999999996
-8.464561979789494 4.312909747525695
-8.678681847604707 3.863998109220104
-8.869014051723417 3.404495520680352
-9.035036904803958 2.935661446562001
-9.176295349746148 2.45878092847395
-9.292402206971154 1.975161062768714
-9.383039235653808 1.486127417882194
-9.447958005998597 0.9930204010427105
-9.486980580168451 0.4971915843079662
-9.5 1.163376036131258e-15
-9.486980580168451 -0.4971915843079638
-9.447958005998597 -0.9930204010427041
-9.383039235653809 -1.486127417882192
-9.292402206971154 -1.975161062768711
-9.176295349746148 -2.458780928473947
-9.03503690480396 -2.935661446561999
-8.869014051723418 -3.40449552068035
-8.678681847604707 -3.863998109220102
-8.464561979789496 -4.312909747525693
-8.227241335952169 -4.749999999999997
-7.967370395481526 -5.17407083264276
-7.685661446561999 -5.583959896778497
-7.38288663384122 -5.97854371497346
-7.05987584203524 -6.35674076040916
-6.717514421272197 -6.717514421272206
-6.356740760409146 -7.059875842035252
-5.978543714973446 -7.382886633841231
-5.583959896778482 -7.685661446562009
-5.174070832642743 -7.967370395481538
-4.749999999999989 -8.227241335952172
-4.312909747525688 -8.464561979789497
-3.863998109220093 -8.678681847604713
-3.404495520680349 -8.869014051723418
-2.935661446561994 -9.035036904803961
-2.458780928473938 -9.176295349746152
-1.975161062768702 -9.292402206971156
-1.486127417882187 -9.383039235653809
-0.9930204010426985 -9.447958005998597
-0.4971915843079626 -9.486980580168453
6.692630932954302e-15 -9.5
0.4971915843079758 -9.486980580168451
0.9930204010427203 -9.447958005998595
1.4861274178822 -9.383039235653808
1.975161062768723 -9.292402206971152
2.458780928473951 -9.176295349746148
2.935661446562007 -9.035036904803956
3.404495520680354 -8.869014051723417
3.863998109220113 -8.678681847604704
4.3129097475257 -8.464561979789492
4.750000000000009 -8.227241335952163
5.17407083264276 -7.967370395481526
5.583959896778492 -7.685661446562002
5.978543714973457 -7.382886633841222
6.356740760409149 -7.059875842035249
6.717514421272206 -6.717514421272197
7.059875842035245 -6.356740760409152
7.382886633841226 -5.978543714973453
7.685661446561999 -5.583959896778497
7.967370395481528 -5.174070832642756
8.227241335952165 -4.750000000000004
8.464561979789494 -4.312909747525696
8.678681847604709 -3.863998109220101
8.869014051723418 -3.404495520680349
9.035036904803958 -2.935661446562003
9.176295349746148 -2.458780928473947
9.292402206971152 -1.975161062768719
9.383039235653808 -1.486127417882195
9.447958005998597 -0.9930204010427075
9.486980580168453 -0.4971915843079631
-4.314285312913458 -7.956643941574677
4.404540997199985 7.973890063825672
-8.005057111561356 4.335355790829938
7.975792454081198 -4.368609253687753
2.5776541990033 -8.698990376109823
-8.692675484040917 -2.574887785698953
-2.598351917016929 8.703990259771551
8.72720243796469 2.591638067447173
-8.988320396188252 1.163831428793412
5.549146090079535 -7.26825895797084
-1.236265191937703 -8.95153176338674
-5.87533343461702 6.939148160130674
-6.87171825994048 -5.960700642785413
7.154374613651325 5.567483207721652
9.03049803737588 -1.244084718600597
1.190437817947092 9.07977342750449
0.6957072697611044 -9.083655729820926
-8.999527719373138 -0.696152393207402
-0.7369334123708056 9.058224098755595
-7.93101674224047 -4.360477686811165
-4.343541405346184 7.956006386291977
9.047293924171747 0.7079055547857555
5.868504143213271 6.969425121945372
6.911601919931744 -5.899046552573243
3.902625862244857 -8.181608796287886
-7.193810525137062 5.498881402862086
-8.606183809970153 3.018572568220255
8.54134099418318 -3.051659839334776
-3.067301981783629 -8.601853522939322
-5.520061547155557 -7.145871443824261
8.000039632280249 4.287755164104263
2.568238615847774 8.690531833344288
6.240623858445832 -6.541014476294144
-7.532685988902719 -5.100111148247821
-8.908824513564136 -1.644970357247645
-9.062909747525694 0.2373206438373292
-2.030476111122653 -8.78683059313896
4.769858144420287 -7.719421590961222
1.645332867127636 -8.887663845745333
-1.674851025379118 8.921301898987572
7.471541578746789 -5.135048258472907
9.083238548449012 -0.2600901799287805
5.13062803284934 7.463972677268241
-6.532275516190173 6.277094966629534
8.87484332658828 -2.029418735454389
-0.2410706814482257 -9.098477992528126
3.522432356881209 8.395553170371077
8.892579849792982 1.634985479537612
-8.80981838746637 2.096961340831546
-3.490618970187366 8.357056610700326
6.543265042519946 6.191140745481598
-6.276237608393445 -6.543055657278017
-5.112818990217994 7.488527319320083
0.1960617801565335 9.057224154294945
-8.381732339709828 -3.464580708601279
8.410556481850609 3.449558741084898
3.457189425712757 -8.384655145105821
3.495740111874973 -7.900257418098104
3.935526653433115 -7.680084950261375
3.527247109292238 -7.407101896079018
3.969847087477349 -7.183405935760661
3.560284125798951 -6.912177080514128
3.115666862693431 -7.131693686754353
3.148359970778246 -6.636910046113908
3.59487393019867 -6.418532177854222
3.181922189624695 -6.141377536330081
2.735430455322816 -6.360476893211851
2.768955192890079 -5.864424577272274
3.215451026019122 -5.645292360732316
2.802460457129145 -5.368190828507164
2.355959297408829 -5.587295572747899
2.38946483959195 -5.091065800418747
2.835966684056562 -4.871964755354352
2.422969650577434 -4.594834536169163
1.976467625313774 -4.81393474278127
2.009972176369316 -4.317702655142885
2.456474185530833 -4.098602298363135
2.043476695891436 -3.82147045477072
1.59697472111959 -4.040570812325911
1.630479230164458 -3.544338589262426
2.076981211856807 -3.325238218883772
1.663983750702259 -3.048106343354345
1.217481769945262 -3.267206718466931
1.250986300862651 -2.770974455061684
1.697488354037979 -2.551874027289119
1.284490868439257 -2.27474215515272
0.8379888348999165 -2.493842594545134
0.871493396541054 -1.997610317004621
1.317995477291204 -1.778509836520893
0.9049979289718955 -1.501378042167336
0.4584958749764085 -1.720478509610135
0.4920004297356111 -1.224246203085712
0.9385024676398219 -1.005145732356834
0.5255049877976861 -0.7280139540696363
0.07900292280304005 -0.9471143975455882
0.1125074342239902 -0.4508821731914354
0.5590097086973123 -0.2317816437023259
0.1460119204262051 0.04535003336427956
-0.3004900471178047 -0.1737503246710962
-0.2669855435083799 0.3224818992757764
0.1795166820810486 0.5415823329765326
-0.7134875137952237 0.1033815387456806
-0.2334809542949771 0.8187141357902168
0.2130212881959546 1.037814552426711
-0.1999764058288969 1.314946363319255
0.24652570700386 1.534046754959263
-0.1664719460303802 1.811178590093329
0.2800300675538795 2.030278963550473
0.6930277066893802 1.753147149079186
-0.1329674790543882 2.307410815986831
-0.5794694635336101 2.088310453160754
0.7265319921314362 2.249379318958224
1.139529570412916 1.972247548126291
-0.5459649682827974 2.58454268106248
-0.9924669425732257 2.365442320641169
1.173033896209582 2.468479663476004
1.586031455549348 2.191347892525841
-0.9589624382421321 2.861674549107279
-1.405464409340823 2.642574189182191
1.619535869292628 2.687580053540405
2.032533355458648 2.410448273477992
-1.371959902789496 3.138806417813367
-1.818461873029784 2.919706058001272
-0.9254579329706321 3.357906777579972
2.066037828942451 2.906680418477762
2.479035306575852 2.62954861854849
-1.784957365846519 3.415938286670996
-2.23145933586256 3.196837926885721
-2.264963843244063 2.70060569819969
-2.677961305851438 2.977737567102923
-2.711465813262938 2.481505338419562
-3.124463275801963 2.758637207324033
-3.157967783222246 2.262404978642295
2.512539798055017 3.125780768001781
2.099542333997322 3.402912621802261
2.92553727661817 2.848648936028728
2.892032828102307 2.352416844720735
3.338534752707696 2.57151707394198
3.305030398916986 2.075284996978375
3.751532226211503 2.294385194313839
3.718027805966604 1.798153039414626
-3.570965245735509 2.539536847546227
-3.604469753152868 2.043304618864664
-2.197954828503796 3.693070155564195
2.546044303489452 3.622012977047758
2.133046841009056 3.899144841942104
4.164529677232894 2.017253301807225
4.131025192296789 1.521021098034217
-4.01746721566128 2.320436487768531
-4.050971723077311 1.824204259086982
-3.537460738320941 3.035769076227771
3.785036693867558 2.790617369203894
4.577527123427409 1.740121413939609
4.544022612937495 1.243889181490391
-4.46396918558469 2.101336127990842
-4.497473693000356 1.605103899309291
-4.084476230493284 1.327972030405433
-4.530978200415943 1.108871670627741
-4.117980737908863 0.831739801723883
-4.564482707831409 0.6126394419461891
-4.151485245324351 0.3355075730423313
-4.597987215246882 0.116407213264636
-4.184989752739825 -0.160724655639222
-4.631491722662355 -0.3798250154169147
-4.218494260155297 -0.656956884320774
-4.664996230077826 -0.8760572440984671
-4.251998767570768 -1.153189113002325
-4.698500737493299 -1.372289472780018
-4.28550327498624 -1.649421341683876
-4.732005244908769 -1.86852170146157
-4.319007782401712 -2.145653570365428
-3.872505812479184 -1.926553210587735
-3.906010319894657 -2.422785439269286
2.579548810870593 4.118245200281932
2.166551348402639 4.395377068184641
-4.352512289817185 -2.641885799046979
-3.93951482731013 -2.919017667950838
-3.493012857387601 -2.699917308173146
-3.526517364803074 -3.196149536854697
-5.010984677753938 0.3935390821684905
-3.080015394880546 -2.977049177077005
-3.113519902296018 -3.473281405758556
4.097520736130947 1.024788912248629
4.510518131148329 0.7476569831429989
4.957020072418986 0.9667573093332352
4.923515582718911 0.4705251072316651
4.477013711660829 0.251424880796754
4.890011166828161 -0.02570703348742757
-3.560021872218547 -3.692381765536247
-3.147024409711491 -3.969513634440107
-2.700522439788962 -3.750413274662416
-2.734026947204437 -4.246645503343967
-5.111498200000358 -1.095157603876164
-4.910471155507456 1.882235768213148
-4.876966648091991 2.3784679968947
2.613053318315985 4.614477427567284
2.200055659844341 4.891609004146876
5.336513046563741 0.193393233827612
5.303008564782928 -0.3028389872100832
4.856506727217488 -0.5219392729084363
5.269504003985599 -0.7990712560270741
-2.287524977281906 -4.027545143566275
-2.321029484697383 -4.523777372247825
4.823002192999943 -1.018171595216784
5.235999529810193 -1.295303482482983
-3.180528917126967 -4.465745863121661
-1.874527514774849 -4.304677012470135
-1.908032022190327 -4.800909241151686
4.789497629321392 -1.514403844507413
5.202495014214054 -1.791535713477721
-5.323468618014562 2.159367637117006
-5.289964110599101 2.655599865798558
5.716005984533202 -0.5799708881066085
1.7535538532431 4.672508887714118
1.787057990631926 5.168740564811922
1.340556350845571 4.9496406970105
1.374060521929727 5.445872424443853
0.9275588806581135 5.226772554433325
0.9610633867935566 5.723004781201285
0.514561471432839 5.50390450273253
2.646557156651388 5.110708658749362
3.059555176729168 4.833577620795386
0.5480659877286137 6.000136744646619
0.1015640283797738 5.781036400625834
-1.461530052267788 -4.581808881373996
-1.49503455968327 -5.078041110055548
-1.941536529605806 -5.297141469833237
-1.528539417818646 -5.574272624009279
-1.082037155629533 -5.355172859838108
-1.115544127826485 -5.851400065571358
-1.841023007359371 -3.80844478378858
-3.771992290232761 -0.4378565245430779
4.376500461427116 -1.237271936532455
4.755993113626022 -2.010636067254148
5.168990506732373 -2.287767934627589
5.615492461150564 -2.068667581275927
5.581987950193363 -2.564899809604437
5.135485996471323 -2.784000162156853
1.552527336959038 1.695115745791554
1.407562856558269 5.942101415102812
-1.975041446194493 -5.793372864665665
3.093059225120621 5.329809165300746
3.50605714450379 5.052677977250998
5.548483441573478 -3.061132038007694
0.1350685390375736 6.277268634138959
-0.3114334285822825 6.058168277792674
5.101981480164505 -3.280232403664228
-0.6690400649505147 -5.63230397099812
-0.702546738656693 -6.128531785022103
-2.74497032068397 1.985273109736395
-5.736466080521638 2.436499506020863
-5.702961573106172 2.932731734702415
5.51497893242579 -3.557364268770782
5.068476979313398 -3.776464651399199
-0.256042676638189 -5.90943568870361
-0.2895505461517988 -6.405661065804299
6.028489914533356 -2.345799451269357
-0.277928920242649 6.554400507851391
-0.7244308896273696 6.335300148875122
-0.7579353969531972 5.839067920327144
-1.170932859201658 6.116199789616357
-5.256459603183647 3.151832094480108
-5.669457065690707 3.428963963383966
-5.222955095768181 3.648064323161657
-5.769970587937108 1.940267277339311
-6.182968050444169 2.21739914624317
-6.21647255785964 1.721166917561618
-0.7360879050566298 -6.624689306803224
3.539561651563557 5.548910205374124
3.952559228111741 5.271778506404683
3.126562477702069 5.82603952391757
0.168573049833906 6.773500867858617
-1.137428351743095 6.612432018362135
-1.583930321600399 6.393331658681626
0.1569545618346667 -6.186567101056189
0.1234466673491965 -6.682792427262665
-0.2225378205400389 -5.413204170598588
0.8940544468556739 4.730540435446692
-1.617434829004984 5.897099430016276
-2.030432291492188 6.174231298949728
4.655479551685719 -3.499332822559395
5.481474425808344 -4.053596500973391
5.03497246904801 -4.272696877730542
-5.635939336634972 3.925169247844926
-5.189448384746002 4.14429206113977
-6.629463131877858 1.99829832136988
-6.662973379700696 1.502066480267993
0.569951945515923 -6.463698809304411
0.5364525791496975 -6.95991255811388
-1.025971447614844 1.869210091657874
-0.7469920214833274 -0.3928506898768223
-1.159989485239913 -0.1157188228437593
-1.193493992499285 -0.6119510512551075
-3.704983275401815 0.5546079328200251
-4.386016797232658 -3.138118027728529
-1.606491455319246 -0.3348191828247526
-1.639995962761477 -0.8310514115412209
-1.57298694801819 0.1614130456925783
-1.226998500138479 -1.108183280261122
-1.673500470224322 -1.327283640291962
-1.260503007726435 -1.60441550920946
3.919054701746651 4.77554624949806
4.365556687460749 4.994646632796185
3.271526159462673 1.579052848308026
4.611031624845074 2.236353636186537
5.024029082713255 1.959221761405525
5.057533588233897 2.455453987829057
5.470531049601487 2.178322117483129
5.504035556478602 2.67455434549254
5.917033018701285 2.397422476228214
5.950537525968673 2.89365470471903
6.363534988401476 2.616522835719592
6.330030480982322 2.120290607036889
5.537540063441302 3.170786573598551
5.984042033231929 3.389886933203047
0.7600364409858935 2.745611534273904
-6.595794906322554 2.494518757052701
-4.799014259739716 -2.86098615882467
-4.832518767155188 -3.357218387506221
-5.245516229662245 -3.080086518602363
-5.279020737077718 -3.576318747283914
-5.692018199584775 -3.299186878380056
-5.725522707000247 -3.795419107061606
-5.31252524449319 -4.072550975965465
-5.658513692169302 -2.802954649698504
-6.105015662091833 -3.022055009476198
-6.071511154676359 -2.525822780794647
0.0680595227265772 5.284804174570459
-1.751452858588568 3.912170515341235
5.961463157458492 -3.338242611431884
-2.164450321140762 4.189302384242365
-1.996927784073417 6.670463527636214
-2.443422306430098 6.451347990574286
-2.476933020144754 5.955128409638045
-2.889922828213323 6.232244679660216
-2.923434541832405 5.736027136415283
-3.33642390463026 6.013142499021051
-3.36993628813152 5.516926320919826
-3.782925688364617 5.79404175981348
-6.518013124598888 -2.744923140572337
-6.484508617183417 -2.248690911890788
3.573065949780884 6.045142122284854
3.160067181565913 6.322272045347377
4.399034496623265 5.490839074240903
4.812054209780062 5.213740364503662
-0.2444244118727938 7.050632737955156
-5.602432258345009 4.42139623737247
5.447969918047949 -4.549828729849508
5.001467958019057 -4.768929105415816
-6.082433204760012 3.706063047635936
0.08996602407586782 -7.178856142368234
0.2020775579719143 7.26973309761689
-5.758938380374422 -4.291515012480114
-5.345926112193816 -4.568624160840134
6.77617561694533 2.339472454582158
6.742968471113855 1.843172319361408
6.808284157541983 2.836024837450129
5.894471885721546 -4.330728367274775
-6.171978142282735 -4.014449462009092
0.9829508031224963 -6.740828695106556
4.588470515017531 -4.491797235826733
0.6034570019641052 -5.96746769909571
-2.086497932759968 -1.050151771432559
-1.70700497767869 -1.823515869033228
-1.294007515178742 -2.100647737948079
4.332052179518942 4.498414403330508
-2.019488917931574 -0.05768731407414526
-3.816438189752117 5.297825821950857
-4.229435640875525 5.57495766765617
0.9494516823868442 -7.237042140161764
-2.40991655775311 6.947577689709292
-1.963421828513833 7.166692805188583
-3.302872338408799 6.509278827132325
-7.075963762372001 1.779197871156933
-7.109678704584208 1.283099238332714
-6.696512544997314 1.005856489570799
-7.142981005120172 0.7867339693246833
-6.729989127579726 0.5096057938322271
-7.176486443363413 0.2905023562117007
-6.763489135994318 0.01337058990259954
-7.209990356083368 -0.2057302657497685
-6.796984210028746 -0.4828627798022073
-7.243433101131216 -0.7019668073619729
-6.930914913117568 -2.467797731365506
5.414465409972458 -5.046060958397385
4.967963454095709 -5.265161343861269
-1.98598441052907 0.4385449145802331
-4.195923106559387 6.071173538414055
-4.642433094099929 5.852089517643059
-6.962760636131142 -2.963992169341945
7.189103695061935 2.062356430509635
7.155944457492788 1.566045354800047
6.709500032544853 1.346931853851365
7.122503506526029 1.069798612142255
1.395948716728499 -7.017959582162144
6.676012129370142 0.8506958334060846
7.089004008378311 0.5735637623262275
-4.776452758577862 3.86716393448876
-3.046510887465073 -2.480816948395454
5.571044570747772 3.667018802137339
6.017546540651382 3.886119161889957
-2.61095229105434 3.970202024465205
-4.899510508700325 -4.349656337568177
-4.933012137234831 -4.845884148366206
-5.378811289940582 -5.063901012813735
-4.966212744647128 -5.341649532249232
-4.519977459505095 -5.122958826593427
-4.553475764383458 -5.619181523495539
-4.10701720816816 -5.400147850774923
-4.140527917445321 -5.89638960533608
-3.69403421678428 -5.677301947714502
-3.727541136053615 -6.173537881068674
-4.174043507951787 -6.392638858291802
-3.761921804789929 -6.671869690985931
-3.314691882594905 -6.451023032095379
-3.34973321118911 -6.951266832991159
-2.901853933080283 -6.728591326869946
0.6150750204660063 6.992601228693705
0.6485795279997352 7.488833457551491
1.061575736522243 7.211699719889482
6.061994424176114 -1.849567222527931
6.474991884604932 -2.126699091438152
6.508496392041683 -1.630466862746981
6.921312014468842 -1.907564173629456
6.954968054932188 -1.411360743294414
6.887532941849215 -2.403711781142678
-6.350489377279934 -0.2637619479473589
3.885550209498468 4.279314043443407
4.298547674552609 4.002182178306257
1.686544870943643 3.680044479132189
-2.633513424958017 -2.757948817299313
0.6260191912038909 0.7606828418954347
-6.383983486823931 -0.7599949643221686
-1.717948351211032 4.408402744020529
3.606570455071451 6.541374347795863
3.192900825671745 6.817599830446667
2.746912579554988 6.599185621903768
2.779223416523724 7.093736938098549
4.845531275043466 5.709931697349899
5.258506629135993 5.432766881245934
-0.2109199044147272 7.5468649667002
-7.592205259254991 0.5690779159317383
7.36777862654113 -1.688457094233769
7.400571866422897 -1.1921992897115
6.988343073610973 -0.915122172090454
7.433585512212717 -0.695943688768601
-6.204579892601791 -4.509332304233895
7.535513398564839 0.792663658585714
-4.999625932425764 -5.83905909155305
1.363251938583637 -7.514425744094976
-7.522183220124974 1.560217722503378
-7.488171843095759 2.056299657028234
-7.656481808189794 -0.4248314925416646
-7.687769779270991 -0.9212134030216017
-2.935053991697294 -7.224038875433295
-2.488602763241176 -7.005069295675305
0.9187402186701977 -7.730347399489709
-2.517081981298458 -7.498736409885057
-2.074745305366125 -7.281663266632219
1.093088075071515 7.704746486386161
5.381550739695826 -5.54165019208016
4.934518169883042 -5.761184043828919
-6.616278133439148 -4.230268072467185
1.809080506161689 -7.295133421883671
4.521431636904651 -5.484123136401461
1.429452289236983 -6.521730071991515
1.507745260325266 7.43026854641302
6.642501481756864 0.3544630376740354
-2.432486380458249 0.2194445547990964
-2.398981873042967 0.7156767834733433
6.2630164323287 1.127827299157864
-0.8475055452564979 -1.881547378170734
-0.881010052683178 -2.377779606869798
-1.539482440038107 0.6576452744279391
5.604549078145044 4.163251030794812
6.051051048063624 4.382351390567181
6.464048510570787 4.105219521663475
-6.038006647260887 -2.029590552113098
-1.327512022603743 -2.596879966644421
-0.9145145600984244 -2.874011835551001
-0.4680125901761799 -2.654911475773755
-0.5015170975916826 -3.151143704455359
-2.388038567723872 -5.516241690636072
-6.283488088484964 0.7287067691784861
-6.897490134025742 -1.9715601196031
-7.343319728418837 -2.190705876696019
-2.130945813724475 4.685534612924006
-3.403442708662579 5.020697990953918
-3.849944348348856 4.801596958191737
-5.155943081583664 4.640522668178404
-5.568940411466245 4.91765426680845
-6.014968357099442 4.697587898671892
1.537214619515318 7.918965011103016
7.598421064297106 1.785418073952104
-2.375008503314122 7.440742552498904
-1.926893980348054 7.655279627734023
5.823205968183867 -5.321626406792189
-4.608330628745673 6.347103175082328
-5.053071474567044 6.124413841825811
7.81173237039696 -1.469210192838416
7.776285841796367 -1.965459066322172
7.627531352627208 2.282163422311357
1.793940348826406 -7.791912889803336
-5.977047801015685 5.18372886041133
0.6805322673788954 7.98243814010997
3.638285187285235 7.034996087899206
4.05167501431738 6.758395653760256
6.492752180378917 4.595920987493922
-4.210491306594736 -6.897195272831884
5.288905411006946 5.924370783440798
5.703117101176155 5.649048424736351
-3.385385206663677 -7.454278627906056
5.35314768017675 -6.03193224051459
4.90101472739068 -6.248769897666557
-2.109059066683191 -7.778302613241024
-1.664826856900546 -7.554234022318445
6.899982625437308 4.321948819088901
2.234508046789718 -7.561466776329596
-2.041936161638124 -6.785766567830445
7.501952506807997 0.2964339245510157
7.938973838259873 0.5123933386009111
7.9079175055338 0.01863606402002044
-0.9480190675142102 -3.370244064233045
-0.5350216050072418 -3.647375933137054
-0.08851963508469882 -3.428275573359338
-0.1220241425001829 -3.924507802040911
-0.568526112422715 -4.143608161818609
-0.1555286499156577 -4.420740030722469
0.2909733200068713 -4.201639670944775
0.2574688125913974 -4.697871899626327
0.703970782454167 -4.478771539665681
0.6704662750863408 -4.975003768518077
1.95274268573837 7.647027260540012
1.920434789718569 7.15268526573172
5.124542600898405 3.447918442494005
-2.600008917542465 -2.261716588617631
-2.822135832786181 7.223089184053812
-0.6574218743171829 7.327764606952408
-0.6219214972843226 7.822582926940795
-0.1678900225814144 8.048009025445396
3.85204570508875 3.783081819732194
-4.073519936370558 -4.903926736602882
6.869673742148692 3.828102217886248
-4.624423937350739 -6.627185280313469
-4.419521304648131 -3.634350256410081
-5.803475095352581 1.44403504865776
7.98202033093628 1.01176313132064
-0.6464784621259133 1.095845997226713
-2.465990887873843 -0.2767876738814
5.43702654215468 1.682089888818433
4.265043168433848 3.505949951828017
4.877315918479314 6.203600888217276
-5.937490988622032 -0.5408939809449209
-5.903988059826661 -0.04466164833010834
-3.013006380049587 -1.984584719713881
-0.09946299831492353 2.803643040918776
-1.304950888698672 4.13127087511648
-1.271446381292812 4.627503103797898
-0.8584489187851623 4.350371234893899
-2.878988350387022 0.0003441950132735108
-2.9124928578017 -0.4958880336670225
-4.161090229579588 6.56469869884682
-0.8249444113725357 4.846603463575493
-0.4119469488658616 4.569471594671625
-0.4454514562713768 4.0732393659894
0.001050513642243783 4.292339725767673
-0.03245399374940212 3.796107497084507
0.414047976151959 4.015207856863628
-5.970994974223142 -1.037126265339816
-3.436947161038654 4.52446565010829
-3.883449121787971 4.305365271636585
-3.470451718319753 4.028233523047379
-3.916953681851588 3.809133150246219
-1.708083537713395 -8.030935129372896
-1.26006500757058 -7.838704254212435
-4.664773370591445 -7.147330613365736
-6.42351867367984 4.965614688926776
-6.4604354675079 4.47637156225259
-6.870213311856563 4.747893847428315
-6.902515274690205 4.259523806629552
-2.775731293410634 7.715757901408908
-3.227466043799488 7.500961745279881
-6.645921962714868 -4.719708387575944
-6.234165399246971 -4.998535015464675
8.020884622950625 2.022844128739936
-8.097623391575931 -0.6499209513091133
-8.082127829877452 -0.1474474922580791
-8.118852294164617 -1.145585000318528
-7.932257322630551 1.83704001018837
-7.977755982821166 1.346751918951695
-7.886248292539582 2.341409779800576
-7.44800836324116 2.553564424997642
-7.05817516000548 -4.442506780540429
-7.026674986949052 -3.954287320428016
8.322293026067797 0.2378770936729062
8.290140985243429 -0.2509581513058351
-5.017700781156853 6.616842992667912
2.258118586488733 -7.073525455212505
1.116968242248523 -4.755903402180573
1.083463718334058 -5.252135594825138
-4.296446582766168 4.582497137424781
-1.218293353846497 -7.339446669714407
-0.8052297475058163 -7.617224162538426
-0.8366700740815635 -8.112219501836165
-0.3903673613838339 -7.889451310293613
-0.6020306198381907 -4.639840390500167
-2.421543086505269 -6.012473896155154
-2.187011455035241 -2.538848457521213
0.7374752898501994 -3.982539310919859
-1.516416933889441 7.384520898039001
-1.479485569497933 7.891059931327241
5.224998436984793 4.936529161364427
4.644536125764024 2.732585857296065
-5.490990706064481 -0.3217935272607054
7.021684341612922 -0.4188819104693303
6.575423543318544 -0.6379969603730113
-7.31002561825854 -1.694459442455078
-7.757005512120058 -1.91352753386076
-7.789034137691904 -2.418615247043997
-2.220515962450909 -3.035080686203088
6.081693821769703 4.874589522212363
6.095498931279004 -1.353334993897622
1.028069456069957 6.715464848928971
-2.990445236982252 4.743566103356063
2.992546273062716 3.841113332166064
4.74504964489986 4.221282538712084
-2.566504410126192 -1.765484359934761
-2.979501872633873 -1.488352491031934
-2.83454049407703 -5.735342139203259
-2.801035977505673 -5.239109929180367
0.3805434687519016 3.518975628181024
0.8270454387021537 3.738075988122064
-1.237941873880051 5.123735332479353
-6.863898834160174 -1.475333750956671
-2.510438519604127 5.458898202639368
-4.675938937785069 5.355860012129303
-5.533247539377018 5.409244877815633
-1.886763628011312 8.132037905000395
-5.945962480322196 5.672147264621408
1.97869285667772 8.113287784349714
2.384796680424251 7.850039669847264
3.059663829082786 -8.096180879813637
6.520701610813316 5.082251013976965
5.732121490798264 6.138574325354643
-7.838825247886367 2.843278491448314
-7.410579318058871 3.050874739263596
-7.809773453802608 3.324226223473675
-7.377579146987072 3.555599947953895
-6.97140798909482 3.269940043873876
4.074872765828826 7.23818941349655
3.667439706642955 7.524688985410759
4.487166627936491 6.954726055556224
2.224774676450144 -8.028705147996902
-0.581235491947571 8.301526618217768
-2.537940886725234 -7.995927403258698
7.285418352524439 4.054713282828782
7.27606614233283 3.559535946855961
7.315711019084875 4.544222370678142
8.195732195487599 -1.744385309060349
8.228414674413912 -1.253922129228568
8.158870330350275 -2.243768999148562
7.737993764079941 -2.464060343526843
-0.4185062592303544 -8.368787128794233
0.02902914631240532 -8.160720013818997
-6.665026688194723 -5.201869705657321
-6.258377423738262 -5.481262408116955
-8.246558099220367 -2.139229757709359
-8.385940021915205 1.637987760567656
5.318624361362006 -6.514797077841397
4.854877490113712 -6.730803392963431
4.451235199854161 -6.46887777863432
1.572136742784558 8.402515968149229
-7.281856174659471 4.520317687520776
-5.456191094334897 6.362966216075535
7.726330413337713 3.824983490628805
7.673936034780582 3.287239764624734
-0.09793188035443598 8.588916759054763
8.030090647837309 2.517570858820729
-8.535528613780965 -0.399981823982169
1.814412667220058 -8.340101550869477
-8.560882959318915 0.1354796022661371
-8.462653158742993 1.150870273800048
-4.253106438586323 -7.414146853109728
-1.44230255867085 8.458276982858123
-5.07744981261459 -6.879568486963284
6.151564570309294 5.871048076610826
2.047925029923061 8.562736757299541
5.785741004927577 -6.300769285432161
4.547829739278505 7.462248277077444
-7.791063751353004 3.880863276683247
-4.706618305980765 -7.666146915049282
-3.848660778754071 -7.707901350428147
2.654759287276826 -7.822864234886303
-7.478026079274894 -4.175588317490797
-7.428113953599995 -3.683912207770628
-8.20130920791183 3.598546266070564
4.409766157759822 -6.956524137215299
3.085948517430731 -7.622479358238039
3.628436351606272 -5.922396311796573
3.661956252918422 -5.426211192384899
3.248961619074695 -5.149086987996718
3.28246851224611 -4.652863677003255
3.695464844766634 -4.929992116471191
3.728970763737208 -4.433764322655048
3.315973586099527 -4.156633160830998
3.762475670134239 -3.937533156837585
3.3494783337726 -3.660401415785097
3.795980323833216 -3.44130118273084
3.382983003720663 -3.164169322530471
3.829484948608849 -2.945069026766475
3.416487758947512 -2.667937117985065
2.969985487972461 -2.887037442663543
3.003490234808826 -2.390805204061902
3.449992368288343 -2.171704895641815
3.036995055168179 -1.894572913314096
2.590492712787325 -2.113673291347236
2.623997546182192 -1.61744097157635
3.070499715216087 -1.398340694961261
2.657502227090042 -1.121208704267763
3.1040043189044 -0.9021084427591827
2.691006925314219 -0.6249764750204514
3.137508921442238 -0.40587620763319
2.724511534453536 -0.1287442447216014
2.278009542820134 -0.3478444843177153
2.311514225226565 0.1483877247975743
1.865012152520229 -0.07071250940043497
1.898516874821906 0.4255196982342844
2.758016000992796 0.3674880146764544
1.831507279453542 -0.5669447579885374
1.452014845594383 0.2064194863854158
2.211000014292589 -1.340308911056984
3.550506303472202 -0.6830081474147983
1.485519420997193 0.7026515762477257
1.932021568905208 0.921751861835622
3.584010578762033 -0.1867757791957471
3.997007793249705 -0.4639076275263607
1.039017098578678 0.483551237790727
1.072521641262253 0.9797833319589315
1.005512204250443 -0.01268107539267096
2.902976231647393 -3.879501779825188
4.004576886693082 -6.689851961708283
2.70273451967336 -6.855703980300551
4.07491076539149 -5.703222148245512
2.322450883101188 -6.083496644370705
1.909457439985558 -5.806392755337765
1.875952495890678 -6.302622510713896
1.942962668524974 -5.310165239531204
1.496460874357988 -5.529266000324403
2.289522709852606 -6.579114615891091
0.6595236259689894 1.256914955159139
1.529965693477846 -5.033035246021678
0.05743690504425235 -7.672438471785613
0.4758574329686581 -7.939972890215607
0.4461747247562143 -8.407818013786887
0.8933437108330949 -8.211034672068191
-0.770003873432886 -7.120777388571186
0.2239642792061256 -5.194104075397174
-2.008528142932521 -6.289590775588517
-8.53314354395307 -0.90030482711552
0.2690865729640121 8.262197555220208
7.876385384198489 -0.4764735060662797
8.255520619977652 -0.7475623489405325
-1.015028082345249 -4.362708521596304
-1.183019952114121 -6.843679950285749
-1.149133228758647 -6.347587690931371
0.8605499449783445 4.234308215063995
2.489978726404526 -3.602370050596064
2.523483286180337 -3.106137836983754
2.363915744080813 7.368188367926312
1.116426359889206 8.18151911030273
0.7071319935961549 8.447484246259643
2.33309066409018 6.875235847503974
2.300368469468698 6.380036372440875
1.887264197430671 6.657006616786053
-5.821667303721285 -5.277218027660238
-5.859490255749124 -5.773599830634135
-6.347650846036066 -5.993468821521835
-5.457486479876501 0.174438717071936
-5.870484110183524 0.4515705912946533
-1.77401399252786 -2.815980326424573
-3.267575224644776 7.004574035014202
-3.680956852940518 7.279772680757143
-3.625133758995697 7.7947898401277
8.356071601884326 0.7206496117075207
8.467021156916996 1.238194508295081
1.563470201767824 -4.536803006237591
-2.855974181372714 6.728018734357354
1.854020590374435 6.161140710628661
2.267021345972903 5.88401466616294
2.110485806246799 -2.829005949401465
2.143990538571662 -2.332773600983786
2.556988011094568 -2.609905554240281
2.17749525269331 -1.836541275986345
1.764497708916166 -1.559409369910078
1.730993033324929 -2.055641710973823
1.351500163072159 -1.282277512942038
1.385004922542209 -0.7860452000017195
-2.142563574098672 -8.274534841922575
-3.660528934145477 -5.181068528379941
-4.843462140676572 2.874700225576248
6.296515508094548 1.624060768214413
5.850023062287541 1.404958233627543
5.816518501244365 0.9087260186421384
-6.494015924462986 3.982489092201165
4.778543795712962 4.717499333399893
6.541955572129523 -1.134230749463313
0.3244778274091455 -3.705407442222014
0.3579823355229488 -3.209175212550266
-3.627027656896002 -4.684841261353499
-4.040025657764056 -4.407710219392156
0.5046508070492529 -7.453094933689134
-3.839001305063711 -1.430320981906184
4.722488564602184 -2.506868276231592
4.309491276772214 -2.229736432246458
4.688984096746766 -3.003100549823845
-1.048532599502951 -4.858940730424306
-1.428025544852308 -4.085576652692442
-1.394521037436809 -3.589344424010842
1.333784258542603 -8.011831610127281
5.312695892891407 6.403436583839303
-6.316987983224854 0.2324716913217498
-5.836980688733783 0.9478035381395363
-3.805496797648235 -0.9340887532246297
0.7709797982506053 -3.486307080973198
-6.115908457279704 3.209849790738888
-0.3231409556050304 -6.901771577426068
-4.430464678169248 2.597568356672388
-4.396960170753974 3.093800585353929
-4.587896020021713 -6.119531144727752
-5.035279060573211 -6.342732509376568
-5.474681581733368 -6.585092162689925
-2.956280620176141 -7.707009887142549
4.894740401030567 6.678100311966164
5.343817186838766 6.921132098183023
5.859223678289922 -4.826517374178511
6.303850040698365 -4.607145399360968
6.340362447738524 -4.111499037772942
6.753971316936442 -4.388759875050282
6.785406952143465 -3.890274236438612
6.706699968013134 -4.88223922558659
7.190784268199759 -4.158803997615065
7.241239448201848 -3.675716581757809
6.821751392377068 -3.396188087944159
7.268217866603767 -3.177743457637979
7.697858917928357 -3.453861788759135
7.211630951729123 -4.691999952135538
1.474358333580772 6.934241417329855
-1.070419336803562 7.60489647588709
-1.103839782101132 7.108451710828357
-3.983962708245396 2.816668716450075
5.37001737147881 0.6896254823601713
-2.254020469866422 -3.531312914884707
-5.212011722246771 -2.583854289920814
-5.625009184753829 -2.306722421016954
-5.591504677338356 -1.810490192335406
5.749510497455437 -0.08373865285489468
6.396885533569218 3.11278579510127
4.019353972380983 6.263923938779008
-2.532999902705737 -1.269252131245594
7.466748565071975 -0.1998075314336958
2.959041769494723 3.344881119637822
-5.356973125430037 1.663135408435454
-6.550690278862701 -3.241070936989614
7.055148744477514 0.07733358937823773
-6.381180039850195 5.410646704010635
-5.411452873683774 -5.558821939502138
-3.281065106389014 -5.954498289772793
-2.868123669500965 -6.231772495178429
3.818541198922355 3.286849592712326
-0.8140010371016634 -1.385315148335502
-0.4010035724590171 -1.662447014840558
-0.3674990615560985 -1.166214780482869
-8.010323743672224 0.8541472113606686
-1.629431362647051 -7.062365651049598
-0.6129739474297243 1.592078226339022
-1.059475947156561 1.372977864015107
-1.472473421343578 1.650109731921061
-1.438968914928049 2.146341960546269
-1.8854708868842 1.927241600667641
-1.918975394518437 1.431009371968839
-2.33197285774971 1.708141240848205
-2.84548384296982 0.4965764236958654
-2.811979335543245 0.9928086523754145
-3.291985812894569 0.2774760639163446
-3.392499335141117 -1.211220622128391
-3.090958768390876 3.254869436005652
4.621975050517643 -3.995565028353056
-0.7804965289012286 -0.8890829184782267
-2.455097959483056 -6.508877392882965
3.684523458322999 1.301920856059192
3.651019112934411 0.8056886306347195
4.064016426068795 0.5285567952534267
7.652534607874093 2.786920038050957
8.105595355058897 3.037050949010938
0.6369617147491521 -5.471235888323844
3.171013243276538 0.09035609947728257
3.026050762174965 4.337345531357713
7.333400278188816 -2.184523252439025
2.34501875474489 0.6446199346201854
2.378523248763805 1.140852184911052
1.965526010178961 1.41798411167368
2.412027623238591 1.63708440524767
-2.667017932373479 -3.254181045980847
5.927863345989748 -3.834461264593537
-4.866020395689692 -3.853446198304249
-4.453022004737059 -4.13057664179363
-0.05501512723780009 -2.932043344033078
-0.0215106180617523 -2.435811113240062
-0.6799829994851083 0.5996137668430092
-3.637974260570317 1.547072390183127
-4.809957572049801 3.370932329516029
-3.671478767986226 1.050840161501581
-3.224976798057891 1.26994052127907
-3.973019334725602 -3.415249896632388
5.68250147531016 -1.076203123249568
4.463408516252483 6.479126229700036
6.119065246891652 5.372132579160547
6.620474122031014 5.605020012460195
0.5925144675395961 0.2644506211553294
1.206538400318654 2.964711897536733
-1.851966379689161 2.423473829351192
-2.29846835025234 2.204373469537114
-3.593526019943423 -4.188613441730604
-1.126484975897828 0.3805134061807298
-2.052993425336127 -0.5539195427393813
0.3914868480250213 -2.712942977129277
0.4249913713304088 -2.216710732348893
0.8044843145844008 -2.990074839787748
-7.372262203536846 -2.688208591021178
-7.805351287945983 -2.926245580953269
1.653040367500215 3.183812265110959
-2.153506947615938 -2.042616228833654
-4.486511284051987 -4.626785485052746
0.235582065548558 7.765965326538637
2.244504737145016 -0.8440766827395121
-2.644456798441457 3.473969795785107
1.720049373032657 4.176276700229848
0.4810569710486213 5.007672284529651
-0.3339945540116297 -0.6699825515752452
-0.5124604681633295 3.080774908932523
-6.138520169507303 -3.518287238157747
0.04549841418362487 -1.443346631354832
-4.262941301757074 5.07872778960921
-1.952479902761943 0.9347771432611793
1.150472749539225 -4.259671170419388
4.198034168402202 2.513485514089913
4.231538664431353 3.009717728046888
-3.459508349972126 -2.203685079491591
-5.145002707415826 -1.591389832557713
4.990524577964586 1.462989535741634
-2.063936550490731 5.677998564038681
-5.524495344016976 -0.818025753584815
2.791520365236925 0.863720271659293
1.418509848622003 -0.2898127747764726
-1.550327500320219 6.889315436455986
-1.684443843801117 4.904634972701743
-0.9815235749297555 -3.866476292914716
-5.443026296055575 -6.063001617698873
-0.1890331876250068 -4.916972197671074
-3.325490320309839 -0.2187561647648223
-3.191472290634548 1.766172749960218
5.648996966740277 -1.572435354140529
-4.765509752324241 -2.364753930143121
-1.562056888932525 -6.070491296603375
-6.149427306321534 2.713627604177671
3.986039342028647 5.767974400324599
4.431780586801359 5.985899371435286
-2.365477365289383 1.211909012163789
-1.092980459461121 0.8767456352813573
0.3135344757155651 2.526511173753784
-4.006523425546709 -3.91148148571308
-3.714892817916772 6.784872399208685
-4.123209193363111 7.065374443545634
5.191540274919588 4.44036599912569
-1.338455396014826 3.635038646441606
-0.43450808117247 -2.158679245243172
5.795205858839693 -5.813176385464264
6.216995380895839 -5.596520076853992
6.428990309975124 3.609045957352345
-5.791518644246332 -4.786259732257413
6.925605876854956 4.802800498068184
7.388527231504181 5.086545015202954
-3.426003842556599 -1.707452850809952
1.183977259806839 -3.763438948239979
1.016454627610833 -6.244598740288136
-0.356889834801241 -7.39675317549719
-1.330973243262551 -8.378975713555443
3.517001567977024 -1.179240377540708
-6.450982898399408 -1.752460115354137
-3.738487782817193 0.05837570413859646
7.568321266028131 1.288947365133825
6.267839296240473 -5.111088291408266
6.69707213499615 -5.433636800460079
-1.505977927546624 1.153877503479247
-6.048370758135053 4.201512847663162
2.804692892109192 7.586323278549054
2.833027072790651 8.106760557582994
3.231469207708916 7.776316134083357
6.162492913048137 -0.3608695530890129
6.196006401016916 0.1353620953553364
3.372039237914331 3.06774925910632
5.403521944014164 1.185857681664624
3.472552706327312 4.556445851951361
-0.6909123716507037 6.831496955137426
-0.8919534260643833 3.854139006221067
-5.178507214831298 -2.087622061239263
0.4475524789554316 4.511440078686832
7.838438907943906 -0.9726791281306016
6.441487376736817 -2.622931320113725
5.994972897593777 -2.842016662289455
5.091038094078432 2.951686214620638
4.678040631603435 3.228818083721966
1.307051896260605 4.453408547240864
-0.3449379366397949 5.561936048154385
5.883526610303643 1.901190681901437
-2.956940571231965 5.239798009368757
-7.716730886165235 -1.415406591654613
-3.749124678645648 6.289723641112176
7.245576643248801 3.060143825807108
8.015524838351746 1.50799536000219
-5.077993627319755 -0.5989253785604653
4.554960855452029 -4.988006021389324
3.439048232004617 4.060213673627318
4.342995802727821 -1.733504227433088
-7.558620299922013 1.066098010496068
3.405543735980468 3.563981464669551
6.838769729529242 3.333669958921576
0.5815700048113002 6.496368242605783
0.9945653755632701 6.21923325645256
7.216534345549892 2.561180168118557
-1.807518499943778 -3.312212555106836
0.01199389813286715 -1.939578874439608
-7.040932420121924 2.275581649297184
6.374128806795741 -3.614959996915128
-2.354534006057162 -5.020009572512451
0.1904595100959703 -5.690335770529185
5.637517181426659 4.65872898312375
-3.258481305475594 0.7737082925980501
-4.32995107112539 4.086264869908781
5.158045217993291 3.944147854099704
4.711544823063574 3.725049841527005
-2.778474827993124 1.489040881060515
6.229511656251359 0.6315946416498706
-8.148422037202064 -1.625534173733598
2.233552127699827 5.387830214277487
6.608955890606359 -0.141767998519909
-2.319943335117697 7.925369868001813
-2.695710824495012 8.210903083544382
-4.977480170338467 0.8897713108500462
-4.94397566292299 1.386003539531597
2.71349862411964 6.103081029313492
-1.740509485106702 -2.319748097734194
-1.018243900648204 8.114684979320391
-0.9140989496849843 8.609766940691333
-0.4789559630533337 3.577007137367691
-6.249983725854828 1.224939207229365
-2.767531455896057 -4.742877729424881
5.783014450491694 0.4124936274868617
1.440998352021475 6.438233890497696
-7.626766586428345 0.07219114660007045
-7.275383962875968 -1.197913009780884
6.128979736603095 -0.8571010446965224
-2.120002440185141 -1.546384000128626
-0.06595849886878141 3.29987526866422
5.670816402897493 5.153965925307229
-4.569787631444503 6.833067526241063
-4.567962298987822 7.397241013058665
0.03455501600928607 4.788571946929901
1.820560922645138 5.664970445685402
6.408028742801619 -3.11904376975167
-1.361016530020804 -3.093112195328453
-0.3784424436834457 5.065703820026481
-3.801549791096308 -7.182776438042151
-4.742947664968965 4.363394968573818
-5.390477813839807 1.16690329944779
-6.583190337709516 -3.736404533703975
-7.004829840610165 2.772537430881663
2.680041826211075 5.606913876286932
-2.499495395286147 -0.7730199025579942
-5.044489071487318 -0.1026931514555038
1.291827464712727 -8.521680474415563
2.128496739987502 -8.801151780660959
-5.423982323454337 0.670671089828742
0.3470389674604686 3.022743400460967
-2.94599736521571 -0.9921202623463097
-8.428819154510144 0.64194258823983
1.240042902885312 3.460944122860078
-8.043307821801061 0.3515758580064961
-6.527830536837885 3.487155505552766
-3.214031812254683 -4.961975605324185
-0.7914399048324048 5.342835690953955
3.21900187265696 7.305610209081266
-3.247539423526026 -5.458216073262507
-6.00449673084425 -1.533358687154322
-5.122075191222168 5.13598403385367
6.854442598602756 -2.900041221001708
-6.560866506077775 2.991271522046261
0.793540932612954 3.241843759962401
1.273547404467119 3.957176342108172
-3.358994827724894 -0.7149883934457087
-6.992601585332344 -3.460458230215597
-6.830195768823475 -0.979049724392253
-2.543943240017303 4.962666408024486
-5.557998772306484 -1.314258055808039
-1.204437366710034 5.619967560796045
-6.417425448879063 -1.256220584586561
-6.937070669055908 3.765556053037737
-0.6355352413477058 -5.136072386671728
-1.65093929503289 5.400867116939597
-7.407446497502965 -3.195937649936889
-7.883490045014658 -3.459830136684387
-1.595588632975509 -6.566686421076609
7.299261953489488 -2.681362458980006
-7.317507248030394 4.048333221549653
7.711122934455346 -2.963013789571727
-2.577447776081669 4.466434237730107
3.483496919544271 -1.675472616307285
-3.023949740743734 4.247333867232332
-2.097441271374084 5.181766770397697
-3.057454257976477 3.751101658574159
-3.503956227615177 3.532001298205464
-5.088089402961947 5.631240521013428
-4.709382126680517 4.859497768294863
-5.503872883878424 5.897350026576907
-5.954621937581448 6.181574410379554
-3.950458198354274 3.312900940086487
-4.363455575452148 3.590032634933367
1.049959074449117 -5.748367208996179
1.843012550726531 -6.79834760964247
1.462956133588526 -6.025496214608649
2.936480858953141 -3.383269669712687
2.869471539086279 -4.375733570946792
0.9720072962531336 -0.5089133843839683
4.040861851432884 -6.198335493570163
4.141967188797399 -4.71089214331525
4.487722481266506 -5.979879782984852
1.798002475463117 -1.06317705535703
4.17547281216963 -4.214664185279192
4.108455673094549 -5.207100588321492
4.20897760909604 -3.718432885532023
2.445530877387787 2.133316547916923
4.275986764939451 -2.725968678013454
4.242482224509041 -3.222200880388454
1.9990291248744 1.914216183167376
3.862989513355007 -2.44883680025514
1.519023979206262 1.198883629556575
3.896494101798871 -1.952604536164484
3.929998730105572 -1.456372245103119
1.106025401040302 1.476015560283497
3.963503334359625 -0.9601400167428875
4.443509442866559 -0.2448070851437099
4.410004992020073 -0.7410395890117724
4.030512100777552 0.03232470045528693
3.617514840379862 0.3094564748659513
3.204517577916026 0.5865883853129248
3.23802190317144 1.082820593137747
2.825024686695394 1.359952566030098
2.858528805201498 1.856184991036549
2.675289303392133 -7.344622248620224
-7.243826495262488 4.991369084150049
7.716039384188368 -3.970417295362571
8.148179217750256 -3.675834865255429
-0.8351624648870734 -8.606884049673155
-1.61298186151066 -8.71948201909877
4.803336546233585 -7.218782710526839
-2.58641671505581 -8.570072416957114
6.193150463357667 -6.060147340082723
8.149214221014795 -2.744949165764875
-3.408825424210038 -7.93007965020962
5.77919720971173 -6.852480471131516
-8.264629214406646 2.661198628995336
-4.064530015944581 7.577091767518973
-8.333660991438229 2.134358758918659
8.118992400012623 -3.230756866661881
8.628336789673206 -2.4980244701804
-3.17169612632371 8.000286112248558
-7.487905381382959 -4.634296239935635
-8.993772104955575 -0.2218297676178136
-8.211742602345158 -2.696934660730092
-8.807124036643506 -2.094172859315705
8.639286113710703 -1.566747004916302
8.422156814291705 1.788695088879553
8.928226629658267 1.168594515678145
-5.877628072168207 -6.278704172437423
-8.966314980627756 -1.18133738189303
8.814770345996916 2.114813598462148
0.003344334189337011 -8.671731372143448
-8.868572597545411 1.621612938573845
-5.900681698616353 -6.835828486320399
1.1567860500099 -8.998813598174427
4.340641578912456 -7.952976576454163
0.2336843033249578 -9.106110532260779
-3.931372878898642 8.172044632406212
-0.7132664659277395 -9.06290974752568
3.073753526830266 8.54318635083199
-7.123395137779572 -5.47949954692778
-8.205343306526727 -3.913747994601862
-5.48624375866307 7.228937040046196
8.214377296143429 3.872505327863482
9.08822152893033 0.2302013020576492
3.963184073434268 8.189442591058608
-6.882510536444225 5.924852364752948
-0.272973207303126 9.065932034755033
-9.082918254631545 0.7081279657395222
7.212322905484028 -5.534210011396722
-6.207675202835352 6.618708269829363
0.7204619319434973 8.972261196343124
6.220833117363907 6.621939377304618
-2.13546990073234 8.84003623247972
7.734972918226016 -4.750544983566455
-7.713471311081481 4.759461166499836
-8.569491640846952 -3.034616147170468
9.057363138735354 -0.7542659151751144
-5.129340310669584 -7.437218117685046
-3.458770002396166 -8.402235159621547
-3.885748660245375 -8.197141966345592
1.654174102828008 8.940636927416536
6.942373233438821 5.930252708669647
-6.809453090918818 5.199034395217916
-4.789678705438953 7.807277290020884
4.372929065850774 -7.44494080547285
8.580337754134682 3.038456957325429
-1.188161108914224 9.024979629615247
-3.049170547474513 8.531950506854216
7.752183659078347 4.693067639118014
-7.077625096973931 -4.91666662593374
3.014689134725786 -8.559725448585045
6.605991459411641 -6.240201715378172
-8.736450720795785 2.580722107537509
-4.976163088486453 7.062241843343551
5.179319091432061 -7.49448015859677
-8.527529862954216 -1.370270880282316
-2.248716483520626 8.394011138311956
8.668195008569029 -0.5130680324190009
-6.646555040892467 -6.306680605403191
2.362536051132691 8.26467132048476
-6.394668398988768 5.849362236792123
8.693397330457552 -0.01653340160297682
0.8217954222020981 -8.669803334528286
2.653470387313512 -8.274475333953623
8.471241702254837 -3.445349040230508
4.880836397586734 7.096035884010219
7.050863222980678 -5.145606703764159
4.799850070022956 7.820825217528682
-5.436866217366733 6.79119634513214
-2.975379337940592 -8.167964859372416
7.556260793365294 -4.383541604459769
8.708294885485723 0.4568375583052002
-7.785142782928267 -3.916563161380554
5.582640885249419 7.285133899149631
8.62730865185117 -1.018140574751639
0.3557718944127592 8.665813800655195
-8.171300146888841 -3.117823653546232
4.052467587962296 7.69274410189433
6.915424007798029 5.224186548512428
-8.228134779644078 3.99833463806591
-1.85605929575047 8.551729481073895
9.039382378317475 -1.662506563388781
1.111593515262258 8.620101613468902
5.237270671480759 -6.967539301284723
5.742013270281542 6.547342260406908
-8.206169702289548 3.132890835083474
8.396527233186502 2.294376803841743
-0.5206345883321846 8.724873290294898
3.620625831504999 7.941394050793884
-8.731625355126766 0.8706265268183495
-7.849903220900259 -4.810426880589862
6.513182251427151 -5.866746741637581
-6.648161850041938 -5.614645094118208
-0.4409323074608112 -8.761758058132928
6.104615666969824 6.24738411788077
-8.525988566318318 -1.772007263995616
8.01750371594825 3.496383205641184
-7.574759315446287 5.209177468035694
-8.779715442781519 0.4867772096373662
-6.732324518267814 5.576555420727141
-5.803466758355321 6.547890647605528
-1.78854872405843 -8.416821578018416
7.60614929532337 4.277354581117566
-7.614958471436698 4.308138557472711
-1.678646037171963 -9.063250447394296
8.364058530077763 2.73069908070092
2.148630945896523 8.956428955623041
8.480453390380397 -2.013997223149828
8.206039902396899 -4.059194290826647
2.292394917468209 -8.417735591912434
0.4469333131395483 -8.795817518903721
8.721864412552168 0.8697008542108504
3.209551945060114 8.156795585421463
-8.513819589651368 3.392180797043105
Elements
2944
205 84 206
185 63 186
165 42 166
225 105 226
145 21 146
126 1 245
127 1 2
146 23 147
226 107 227
166 44 167
206 86 207
186 65 187
84 85 206
63 64 186
166 42 43
105 106 226
21 22 146
0 1 126
2 1 0
22 23 146
106 107 226
166 43 44
85 86 206
64 65 186
204 83 205
184 62 185
164 41 165
224 104 225
144 20 145
244 125 245
127 3 128
147 24 148
227 108 228
207 87 208
167 45 168
187 66 188
83 84 205
62 63 185
165 41 42
104 105 225
20 21 145
125 126 245
127 2 3
23 24 147
107 108 227
167 44 45
86 87 207
65 66 187
203 82 204
183 61 184
223 103 224
163 40 164
143 19 144
243 124 244
128 4 129
228 109 229
148 25 149
208 88 209
168 46 169
188 67 189
82 83 204
61 62 184
164 40 41
103 104 224
19 20 144
124 125 244
128 3 4
108 109 228
24 25 148
168 45 46
87 88 208
66 67 188
202 81 203
182 60 183
162 39 163
222 102 223
142 18 143
242 123 243
129 5 130
229 110 230
149 26 150
209 89 210
169 47 170
189 68 190
81 82 203
60 61 183
163 39 40
102 103 223
18 19 143
123 124 243
129 4 5
109 110 229
25 26 149
88 89 209
169 46 47
67 68 189
201 80 202
221 101 222
181 59 182
161 38 162
141 17 142
230 111 231
241 122 242
130 6 131
150 27 151
170 48 171
210 90 211
190 69 191
59 60 182
80 81 202
101 102 222
162 38 39
17 18 142
122 123 242
130 5 6
110 111 230
26 27 150
170 47 48
89 90 210
68 69 190
180 58 181
200 79 201
220 100 221
160 37 161
140 16 141
240 121 241
131 7 132
231 112 232
151 28 152
211 91 212
171 49 172
191 70 192
79 80 201
58 59 181
100 101 221
161 37 38
16 17 141
121 122 241
131 6 7
111 112 231
27 28 151
90 91 211
171 48 49
69 70 191
219 99 220
199 78 200
179 57 180
159 36 160
139 15 140
239 120 240
132 8 133
232 113 233
152 29 153
212 92 213
172 50 173
192 71 193
78 79 200
99 100 220
180 57 58
160 36 37
15 16 140
120 121 240
132 7 8
112 113 232
91 92 212
152 28 29
172 49 50
70 71 192
178 56 179
218 98 219
198 77 199
158 35 159
238 119 239
138 14 139
133 9 134
233 114 234
213 93 214
153 30 154
193 72 194
173 51 174
177 55 178
157 34 158
217 97 218
137 13 138
197 76 198
234 115 235
134 10 135
237 118 238
174 52 175
154 31 155
214 94 215
194 73 195
159 35 36
98 99 219
77 78 199
179 56 57
14 15 139
119 120 239
133 8 9
92 93 213
113 114 233
153 29 30
173 50 51
71 72 193
176 54 177
196 75 197
156 33 157
236 117 237
136 12 137
135 11 136
155 32 156
235 116 236
175 53 176
216 96 217
215 95 216
195 74 196
97 98 218
178 55 56
76 77 198
158 34 35
13 14 138
118 119 238
154 30 31
114 115 234
134 9 10
93 94 214
174 51 52
72 73 194
177 54 55
75 76 197
96 97 217
115 116 235
12 13 137
157 33 34
135 10 11
155 31 32
117 118 237
94 95 215
73 74 195
175 52 53
136 11 12
176 53 54
74 75 196
116 117 236
156 32 33
95 96 216
929 1468 285
930 1459 821
221 1327 220
1299 1468 929
927 1433 254
1028 1438 1417
913 1433 927
910 1471 1441
1417 1438 266
275 1459 930
206 936 205
211 1411 210
1232 1409 256
930 1076 275
191 1425 190
931 1163 296
1370 1451 289
1462 1504 917
1242 1440 277
256 1408 1232
1312 1417 266
230 1415 229
138 1227 137
299 1448 922
289 1482 1370
913 1418 294
277 1481 1242
266 1465 1312
251 1424 912
912 1425 251
294 1433 913
261 1504 1462
281 1423 926
925 1326 284
220 1327 284
250 1327 221
293 1427 1030
1163 1463 296
922 1497 299
1030 1428 293
284 1327 925
246 936 206
1076 1434 275
241 1420 240
263 1004 924
259 1227 138
1441 1471 279
1418 1474 294
1416 1474 1418
300 1442 1356
259 1463 1163
821 1459 936
187 1423 186
129 1428 128
1028 1421 295
295 1438 1028
1163 1500 259
924 1423 263
286 1455 1091
210 1411 274
282 1411 211
757 1318 937
246 937 928
1293 1469 1421
1421 1469 295
251 1425 191
190 1425 280
926 1423 924
1441 1514 910
189 1430 188
1016 1504 1452
131 1431 130
229 1415 255
278 1415 230
900 1491 1411
1442 1494 1356
928 936 246
1476 1505 1410
936 1459 205
937 1318 928
920 1444 276
298 1475 1312
1312 1465 298
914 1505 1415
1460 1491 1414
183 1433 182
1429 1434 1076
290 1503 1426
1426 1529 290
203 1434 202
934 1487 288
297 1434 1429
240 1420 273
290 1420 241
269 1450 1238
297 1429 1022
265 1422 939
255 1505 1476
288 1489 934
276 1524 920
258 1480 1022
1452 1497 1016
288 1487 1079
1022 1514 258
900 1411 1043
263 1423 187
186 1423 281
1227 1470 137
128 1428 267
293 1428 129
1407 1530 238
1443 1490 1475
1443 1475 298
937 1461 1414
1452 1504 261
238 1486 1407
1411 1491 274
1079 1495 288
914 1415 933
1436 1466 304
1414 1461 1460
188 1430 263
280 1430 189
253 1431 131
130 1431 293
1415 1505 255
274 1491 1460
1455 1492 1091
1447 1521 1482
937 1414 757
1447 1482 289
1326 1435 284
1022 1480 297
278 1412 933
1327 1531 925
925 1531 898
926 1520 281
254 1433 183
182 1433 294
933 1415 278
275 1434 203
202 1434 297
1043 1411 282
1405 1456 918
887 943 938
1360 1419 1413
932 1481 277
283 1466 1436
265 1512 1422
258 1514 1441
1479 1496 1458
1406 1530 1407
249 1530 1406
254 1511 927
1091 1488 286
303 943 887
251 1457 1424
1446 1510 1499
932 1462 917
1413 1419 273
1139 1467 301
308 1404 943
943 1404 938
308 943 305
942 986 306
306 986 307
763 1404 843
843 1404 987
312 994 987
938 1404 763
987 994 843
982 983 677
677 1164 982
982 1164 984
984 1164 342
312 987 309
349 995 351
983 995 677
974 1199 1042
916 1379 986
338 1378 339
1180 1382 976
342 1378 984
1386 1389 1147
1147 1389 1146
916 986 942
1039 1041 334
334 1040 1039
961 1038 1036
1391 1394 983
1036 1037 961
958 1037 957
1199 1378 1042
1042 1382 974
330 1040 331
961 1037 958
677 995 349
351 995 354
957 1037 1013
1146 1389 484
484 1391 1146
1042 1378 338
976 1382 1039
339 1378 342
974 1382 1180
976 1038 962
962 1038 961
484 1394 1391
1013 1376 957
984 1378 1199
954 1376 952
1036 1040 330
331 1040 334
985 1012 322
1379 1381 988
948 949 947
986 1379 310
318 1377 319
334 1041 335
335 1041 338
946 948 947
985 1376 1012
322 1377 985
315 946 318
976 1039 1038
916 1381 1379
1396 1397 445
1387 1388 1060
1380 1384 1267
1039 1040 1038
952 1376 985
957 1376 954
946 947 318
947 1377 318
944 945 314
1038 1040 1036
1039 1382 1041
1041 1042 338
1012 1376 1013
319 1377 322
314 946 315
311 944 314
944 1379 988
949 950 947
1396 1398 981
1041 1382 1042
549 1403 1402
1136 1401 1400
1393 1395 1233
945 946 314
944 988 945
981 1398 980
950 1377 947
948 1384 1380
949 951 950
991 1374 994
985 1377 950
994 1374 843
991 994 989
945 948 946
989 994 312
951 952 950
313 989 312
952 985 950
951 953 952
1230 1375 1373
993 996 845
953 954 952
992 996 993
320 992 317
845 1373 993
320 996 992
711 1374 991
1373 1375 993
317 992 316
953 955 954
991 1375 711
1140 1373 845
711 1375 1230
955 956 954
956 957 954
956 958 957
956 959 958
320 1031 996
959 960 958
702 1056 998
1000 1064 702
998 1000 702
321 1031 320
997 1056 596
1006 1253 1007
475 1010 494
998 1056 997
1007 1253 905
1188 1368 846
1284 1319 643
851 1353 1204
846 1319 1284
1003 1357 1209
691 1253 1006
1001 1071 513
596 1231 997
471 1061 470
1002 1204 522
470 1061 1008
513 1009 1001
850 1231 848
494 1010 513
1000 1326 1064
1006 1105 691
744 1369 1367
1367 1369 882
1140 1281 607
683 1337 1241
520 1281 500
1003 1134 764
475 1209 1010
725 1316 768
1206 1287 495
1048 1247 1096
452 1062 476
1204 1353 522
818 1372 1371
1001 1231 1071
438 1266 1197
474 1061 471
1005 1179 750
1157 1283 1158
1008 1062 470
522 1281 1002
1288 1303 1245
1023 1328 1024
1209 1357 1010
1241 1337 1243
960 961 958
764 1357 1003
470 1062 452
691 1105 860
1071 1231 596
750 1016 1005
1068 1345 477
1262 1306 699
1348 1364 880
451 1335 1302
1158 1283 1128
1063 1202 768
1112 1113 874
871 1285 1219
683 1017 682
768 1316 1063
425 1328 1023
764 1134 701
713 1288 1245
495 1287 1126
761 1119 704
1062 1063 476
610 1297 724
848 1231 1001
869 1363 1361
635 1355 1346
874 1113 852
1062 1202 1063
324 1031 321
1014 1017 683
1047 1247 1048
1352 1359 893
1002 1281 1140
861 1307 1051
324 1190 1031
831 1004 833
724 1297 1025
1197 1266 859
1266 1325 859
523 1252 1011
545 1308 609
231 278 230
636 1275 600
1244 1307 861
1017 1019 1018
846 1368 1319
852 1134 1003
1332 1343 1165
539 1283 1157
1024 1067 729
1168 1216 1055
651 1111 694
766 1029 792
670 1051 668
328 1173 1069
1019 1033 1018
1029 1030 792
668 1051 867
1126 1167 495
607 1281 520
672 1066 625
1244 1291 1245
701 1134 662
705 1015 750
1047 1260 795
664 1179 597
1069 1173 1053
1158 1287 1206
539 1235 1129
997 1231 850
1371 1372 1073
638 1046 716
1113 1134 852
504 1249 518
1190 1229 854
1019 1304 1033
1129 1283 539
1067 1301 729
847 1119 761
859 1325 1023
327 1035 330
713 1109 642
1138 1139 921
324 1229 1190
500 1281 522
704 1119 764
861 1291 1244
1129 1235 1205
1257 1286 796
1033 1304 485
609 1308 1177
642 1109 765
1027 1218 1217
1017 1018 682
791 1301 1067
329 1173 328
333 1172 332
1205 1235 477
785 1179 1005
1046 1260 1047
1055 1216 1151
650 1111 651
220 284 219
855 1200 1094
1054 1168 1055
332 1172 1171
531 1278 619
1111 1203 694
492 1060 526
1011 1258 523
1046 1047 716
616 1032 578
615 1056 702
729 1066 1024
496 1210 511
501 1071 521
671 1143 669
1093 1094 783
855 1094 1093
1083 1091 1086
222 250 221
1094 1200 518
690 1051 670
1102 1272 1224
218 262 217
456 1107 439
1063 1276 476
771 1052 770
778 1014 886
1067 1320 791
1100 1251 1194
214 256 213
387 1095 394
601 1046 638
871 1050 611
613 1188 734
699 1306 628
1252 1313 811
1052 1069 1053
1183 1313 1252
229 255 228
235 286 234
451 1168 1054
1054 1335 451
799 1066 672
749 1110 822
1161 1212 797
738 1015 705
1192 1257 796
1105 1109 860
1096 1303 1048
364 1123 360
625 1066 623
669 1143 688
724 1316 725
1035 1037 1036
1035 1036 330
755 1065 797
1123 1166 1124
204 275 203
1187 1277 336
650 1225 1020
1061 1353 851
1058 1060 483
521 1071 596
578 1032 580
899 1298 784
1114 1192 796
1103 1212 1161
194 300 193
750 1179 664
760 1043 819
1034 1314 1290
1166 1167 1124
1296 1323 516
535 1122 1121
1026 1217 618
1219 1285 720
784 1093 783
1339 1349 814
862 1306 1262
1008 1202 1062
1124 1167 1126
1012 1013 326
534 1056 615
599 1225 650
618 1032 1026
694 1203 1075
1223 1237 742
1130 1228 873
1048 1303 1288
611 1050 548
609 1297 610
1103 1161 752
871 1219 1050
1346 1355 940
1033 1314 1034
182 294 181
233 269 232
483 1060 492
513 1010 1009
570 1099 572
662 1113 660
1217 1218 807
1274 1304 868
1099 1251 1100
376 1167 374
480 1058 483
518 1249 1094
556 1102 560
854 1229 1069
909 999 998
1010 1357 1009
461 1258 459
508 1070 497
535 1121 1120
614 1188 613
1217 1263 618
747 1275 636
662 1134 1113
823 1240 737
888 1163 1162
1021 1203 1111
397 1192 1114
572 1099 723
765 1109 1105
888 1162 866
497 1210 496
1183 1252 523
600 1275 602
1050 1219 857
336 1172 333
485 1304 1274
1245 1291 713
721 1282 720
720 1282 1219
784 1298 1093
216 291 215
360 1123 535
597 1179 686
1015 1016 750
1052 1053 770
820 1232 849
807 1263 1217
1128 1287 1158
332 1173 329
510 1107 456
1045 1156 507
797 1212 684
1099 1100 723
756 889 755
1065 1078 797
212 282 211
581 1261 880
782 1032 616
762 1226 753
774 1052 771
1219 1282 857
1072 1073 1045
1116 1277 1187
562 1278 531
587 1211 1103
648 1151 1150
1020 1111 650
753 1226 888
1049 1240 823
960 962 961
151 277 150
323 1012 326
379 1106 390
396 1095 387
444 1101 443
1080 1081 603
756 1162 931
785 1005 922
1011 1252 813
909 998 997
1151 1178 1055
202 297 201
210 274 209
237 249 236
326 1035 327
352 1120 350
429 1137 432
743 744 634
871 1286 1285
1064 1326 925
1057 1228 1130
593 1080 603
602 1272 1102
706 742 630
868 1092 665
864 1174 731
911 1021 1020
336 1277 1172
441 1142 467
552 858 550
1102 1224 560
686 1179 785
1075 1076 930
200 258 199
350 1120 793
394 1095 1072
414 1057 412
1057 1068 412
731 1174 629
660 1113 1112
691 860 690
756 931 889
832 924 831
875 1338 874
1116 1187 1117
156 299 155
160 285 159
1171 1173 332
364 1166 1123
477 1345 1205
608 1308 545
580 582 581
1177 1297 609
648 1178 1151
668 867 666
1248 1268 673
829 1225 692
748 1064 925
1224 1272 788
1001 1009 847
1334 1352 894
1027 1217 1026
1069 1229 328
390 1106 870
1194 1251 415
443 1303 1096
1003 1209 486
492 526 499
605 1230 533
599 648 569
619 696 620
729 1301 621
758 1222 706
1222 1223 742
746 907 906
772 1008 851
868 1304 1092
1009 1357 1119
172 289 171
380 1176 370
503 1249 504
547 673 611
578 580 579
583 1261 581
653 1074 655
680 1103 752
844 1190 776
1020 1225 829
924 1004 831
893 1359 935
340 1184 1117
495 1167 376
518 519 506
518 1200 519
544 1133 538
553 1260 555
555 1260 558
631 1267 710
688 689 670
688 746 745
688 1143 746
695 1064 748
1214 1239 719
734 1188 846
767 840 766
837 890 836
1033 1034 1018
154 261 153
186 281 185
374 1167 1166
1097 1148 436
454 1269 479
473 474 471
492 499 498
1070 1210 497
528 594 593
619 620 532
538 1133 536
548 1050 590
557 1102 556
600 602 557
590 1050 857
694 1074 653
796 1286 674
1347 1351 678
712 1092 779
917 1015 738
889 1065 755
1026 1032 782
821 936 928
996 1031 844
1162 1310 866
893 935 892
1191 1192 397
428 1137 429
476 1276 1097
513 1071 501
579 1196 525
534 605 533
1115 1133 544
580 618 582
736 737 592
598 1225 599
665 1092 712
755 797 684
860 861 690
765 766 693
842 919 744
752 897 895
816 817 815
1109 1291 860
921 1264 1138
1083 1086 1084
149 292 148
1114 1246 397
429 432 431
434 1216 1168
453 1280 472
511 512 510
517 663 597
790 1159 540
586 629 585
595 1240 1049
665 712 705
828 829 692
697 834 696
835 1270 696
746 904 745
884 1110 749
876 877 813
833 1289 1262
1072 1095 1073
372 1220 574
393 428 399
400 1072 440
410 1068 477
481 1207 455
465 1183 463
499 1132 528
507 1156 509
593 603 527
1133 1184 536
648 1150 569
580 1032 618
629 635 585
692 1225 598
1081 1082 603
634 881 614
730 731 629
637 1236 739
655 658 657
746 906 904
830 923 747
840 1029 766
1127 1129 805
824 918 825
860 1291 861
877 1344 1011
536 1184 344
356 1120 352
421 422 418
423 1193 418
419 441 420
419 1142 441
540 1159 422
1096 1247 430
479 480 455
523 1258 461
511 562 531
514 1211 587
631 706 630
661 662 660
714 1127 805
753 866 721
736 882 749
923 1138 747
898 938 763
772 1202 1008
1054 1055 787
804 809 808
810 811 809
814 1349 1197
909 997 850
916 942 915
1034 1296 1018
188 263 187
391 1182 675
439 1295 401
441 466 442
449 450 446
448 453 452
454 455 450
463 1183 523
480 482 481
485 1314 1033
490 517 503
526 1132 499
621 1301 532
535 1123 1122
563 565 564
587 680 588
1082 1149 603
673 674 611
674 871 611
619 697 696
641 642 639
642 765 693
651 694 653
861 1051 690
739 1265 830
900 1043 760
775 1002 777
779 1019 1017
780 1286 1257
1120 1121 793
1023 1024 799
1009 1119 847
865 1148 1097
1162 1163 931
359 360 356
375 1131 377
382 384 383
384 386 385
420 1182 391
413 415 414
1023 1325 425
431 1096 430
445 446 444
446 1160 458
494 500 493
501 521 520
512 791 510
517 1273 663
577 578 525
548 590 589
551 552 550
559 1256 554
568 604 598
640 711 605
627 678 672
629 1174 635
631 707 706
678 814 798
697 837 836
770 1152 727
815 869 733
760 819 761
819 820 761
767 1006 841
1053 1152 770
776 854 774
839 939 838
877 1343 1332
960 963 962
963 964 962
964 976 962
1085 1091 1083
136 276 135
164 295 163
1117 1187 340
342 343 341
392 1191 385
385 1191 397
394 1072 400
399 1195 398
429 430 399
413 1194 415
442 459 420
440 457 456
445 449 446
452 476 447
454 479 455
457 1045 507
494 513 501
507 508 497
509 1156 643
511 1210 562
533 1230 607
546 1115 544
553 555 554
560 646 645
565 567 566
574 679 576
590 684 589
630 1080 593
619 1278 697
620 1270 622
739 747 636
652 1178 649
657 1112 656
673 786 674
686 785 784
702 1064 695
834 835 696
833 1262 699
712 738 705
728 874 852
859 1023 799
1031 1190 844
1008 1061 851
855 1093 856
891 892 890
966 1180 964
968 1141 973
973 1198 1144
1081 1083 1082
1158 1206 1155
166 266 165
174 271 173
362 365 361
363 1185 369
370 1176 365
576 647 389
550 1191 392
428 429 399
400 440 439
415 416 414
422 424 423
432 433 431
437 448 447
455 1207 450
453 471 470
459 1258 1182
517 591 503
509 643 530
603 1149 527
534 615 605
609 610 546
563 1208 1098
580 581 579
581 880 579
663 664 597
740 782 616
626 627 625
631 710 707
638 716 641
649 1178 648
663 868 665
669 670 668
674 1286 871
698 832 831
703 900 760
712 778 738
736 749 737
765 767 766
776 1190 854
779 1014 778
778 886 885
789 930 821
789 1075 930
877 1011 813
827 1028 1027
856 929 883
870 1271 1268
1332 1344 877
897 934 895
999 1000 998
1073 1156 1045
168 298 167
331 332 329
359 1185 363
375 376 374
375 377 376
398 1195 551
434 435 427
429 431 430
440 1045 457
441 467 466
442 460 459
480 481 455
479 1269 1059
791 1107 510
596 1056 534
570 571 567
577 616 578
735 736 592
615 640 605
624 625 623
632 715 714
661 757 700
686 784 783
695 748 709
700 1077 703
757 1077 700
704 764 701
722 762 753
821 928 754
788 901 762
769 771 770
772 773 771
777 845 844
1044 1054 787
806 1330 1324
825 1049 823
837 891 890
845 996 844
1013 1037 1035
1024 1328 1067
1065 1079 1078
1075 1203 1076
1117 1184 1133
227 283 226
1013 1035 326
334 335 333
339 342 341
354 357 353
353 1215 355
367 368 364
366 371 370
371 381 379
377 1131 396
413 414 412
416 421 418
441 442 420
644 1193 423
426 676 644
435 436 427
435 437 436
453 472 471
457 507 497
467 487 466
468 490 469
472 1280 728
482 502 481
483 492 489
504 506 505
578 579 525
528 1132 606
545 546 544
551 795 553
558 1046 601
569 1150 566
880 1196 579
610 718 717
633 634 614
615 702 695
627 672 625
638 641 639
642 693 639
656 1044 654
654 1044 787
660 1112 657
667 668 666
667 671 669
725 727 726
728 875 874
730 862 731
734 815 733
778 885 738
739 830 747
1002 1140 777
786 1114 796
1150 1151 790
1024 1066 799
804 810 809
810 812 811
820 848 847
913 927 835
908 909 850
891 894 893
968 973 970
970 971 969
1053 1171 1152
1057 1130 1068
1086 1087 1084
1264 1275 1138
141 296 140
158 264 157
170 257 169
180 272 179
244 260 243
335 336 333
335 337 336
337 1187 336
343 344 341
347 536 344
353 355 352
355 1215 801
358 484 362
373 374 368
372 389 373
373 375 374
382 383 381
539 1157 404
407 409 408
409 410 408
411 412 410
416 417 414
426 1148 676
433 443 431
437 447 436
440 1072 1045
442 1290 460
448 452 447
464 468 465
1142 1248 467
502 666 481
490 503 491
519 524 506
595 1070 508
587 588 516
517 597 591
531 619 532
542 544 538
542 1170 608
545 609 546
610 717 546
554 1256 552
555 557 556
572 585 571
585 1108 571
615 695 640
617 740 616
623 1066 729
700 703 701
712 779 778
715 1127 714
1047 1048 716
727 1152 726
885 917 738
882 884 749
854 1052 774
779 1092 1019
781 1177 872
808 878 803
839 940 939
891 893 892
902 920 901
969 1180 966
971 974 969
1087 1090 1089
1088 1315 1279
330 331 329
331 333 332
343 345 344
345 347 344
345 1154 347
348 1154 345
354 358 357
355 359 356
360 535 356
535 1120 356
361 561 357
365 1165 361
367 372 368
371 379 370
379 390 380
384 385 383
549 1135 386
390 870 419
401 402 395
403 404 402
405 406 404
407 408 406
406 1235 539
410 477 408
412 1068 410
422 423 418
870 1142 419
1136 1137 428
458 1101 444
457 496 456
469 573 465
503 504 491
496 511 510
504 518 506
519 577 525
537 538 536
567 1186 568
584 614 613
586 730 629
594 1267 631
610 724 718
794 1170 612
698 699 628
637 739 636
781 800 644
646 722 721
650 651 649
655 657 656
689 690 670
676 853 781
681 683 682
685 756 755
685 1310 756
857 1310 685
715 1128 1127
725 726 718
866 1282 721
730 879 862
863 864 731
734 816 815
1138 1275 747
779 1017 1014
781 872 800
826 827 782
824 825 823
911 1020 829
862 1262 863
1051 1307 867
1106 1271 870
978 982 975
977 981 980
1121 1239 1214
1123 1124 1122
1124 1125 1122
162 252 161
177 248 176
184 254 183
339 341 340
343 1164 346
346 348 345
350 793 348
357 1215 353
366 370 365
367 1220 372
372 373 368
371 382 381
389 1181 373
377 396 387
381 1106 379
400 401 395
405 407 406
409 411 410
411 413 412
411 438 413
411 1266 438
460 462 461
473 475 474
475 494 493
514 516 487
499 528 527
521 534 533
537 543 541
543 632 612
717 1115 546
547 611 548
556 559 554
565 570 567
567 568 566
572 586 585
577 617 616
582 584 583
723 1234 586
587 1103 680
599 649 648
601 636 600
626 628 627
719 1189 632
633 807 743
695 709 640
658 659 657
659 661 660
661 700 662
676 865 853
766 792 693
703 760 704
708 839 838
763 843 709
1152 1153 726
768 769 727
769 770 727
822 823 737
748 925 898
772 851 773
851 1204 773
775 777 776
793 1214 1154
872 873 800
873 1228 800
804 808 803
816 818 817
837 1322 891
849 908 850
964 1180 976
965 967 966
965 977 967
972 979 978
978 983 982
1144 1145 979
1116 1117 1115
1142 1268 1248
1171 1172 1153
130 293 129
242 290 241
323 326 325
326 327 325
327 330 329
338 339 337
344 1184 341
342 1164 343
343 346 345
346 1164 677
347 537 536
1154 1169 347
793 1154 348
351 352 350
358 361 357
801 1185 359
379 380 370
375 1181 1131
377 378 376
387 388 378
391 675 380
387 394 388
406 539 404
417 1057 414
436 1148 427
433 445 444
446 458 444
460 461 459
573 1183 465
472 473 471
480 483 482
494 501 500
528 593 527
537 541 538
543 719 632
858 1191 550
558 600 557
602 1102 557
566 1150 564
570 572 571
618 1263 582
584 633 614
635 1108 585
601 638 637
632 714 612
632 1189 715
798 799 672
676 1148 865
683 1241 1014
698 831 699
708 838 828
724 725 718
719 1239 1189
855 856 741
856 883 741
769 772 771
773 774 771
811 1313 809
810 1300 812
819 1232 820
879 1351 1347
977 980 967
974 1180 969
1246 1271 1106
1124 1126 1125
1125 1213 1189
1144 1198 1145
139 259 138
143 268 142
147 247 146
327 329 328
339 340 337
346 349 348
346 677 349
349 350 348
349 351 350
374 1166 368
373 1181 375
377 387 378
675 1176 380
386 393 392
393 398 392
401 403 402
1135 1136 428
476 1097 447
449 478 454
467 488 487
852 1003 486
516 1323 487
537 1169 543
541 542 538
563 564 540
543 612 541
542 545 544
560 645 559
568 598 569
574 1220 802
679 732 576
613 733 583
590 685 684
617 855 741
623 729 621
624 626 625
639 1236 637
800 1193 644
646 721 720
653 654 652
658 754 659
663 665 664
669 688 670
689 691 690
748 763 709
717 1116 1115
725 768 727
746 1143 907
748 898 763
773 775 774
785 922 899
963 965 964
965 966 964
968 969 966
968 970 969
982 984 975
1117 1133 1115
1122 1239 1121
1127 1283 1129
1145 1147 1146
1152 1171 1153
340 1187 337
347 1169 537
351 354 353
359 363 360
362 366 365
363 367 364
365 1176 1165
369 1250 1220
372 574 389
397 1246 383
384 549 386
574 576 389
402 1155 395
398 551 550
401 1295 403
403 405 404
418 1193 417
421 563 540
450 1160 446
496 510 456
473 1209 475
575 1255 489
509 530 529
533 607 520
528 606 594
612 1170 541
543 1169 719
555 558 557
645 780 559
568 569 566
568 1186 604
598 599 569
684 1212 589
711 1230 605
714 794 612
620 622 621
641 713 642
676 781 644
658 789 754
663 1273 868
703 1077 900
707 758 706
722 753 721
722 788 762
1025 1316 724
895 896 751
775 776 774
1121 1214 793
795 1247 1047
802 804 803
820 849 848
822 824 823
848 1001 847
1282 1310 857
911 1022 1021
959 1362 960
967 968 966
970 972 971
972 975 971
971 1199 974
972 978 975
972 1144 979
1082 1279 1149
1208 1251 1098
190 280 189
225 270 224
331 334 333
351 353 352
355 356 352
363 364 360
361 1165 561
390 419 391
394 400 395
421 540 422
427 1148 426
447 1097 436
468 469 465
500 522 493
499 527 498
531 532 512
519 525 524
530 735 592
542 608 545
584 613 583
682 1296 588
597 686 591
1104 1308 608
646 720 645
654 787 652
653 655 654
831 833 699
703 704 701
714 805 794
798 859 799
1300 1309 812
1305 1333 832
864 1175 1174
967 1141 968
1034 1323 1296
1083 1084 1082
1154 1214 1169
134 301 133
198 279 197
328 1229 325
335 338 337
561 1215 357
385 397 383
386 1135 393
395 1155 388
419 420 391
426 644 423
424 427 426
424 434 427
449 454 450
453 470 452
472 728 486
475 493 474
498 575 489
527 1149 498
529 595 508
547 548 515
519 1200 577
551 553 552
551 1195 795
553 554 552
565 566 564
1279 1315 575
582 583 581
590 857 685
601 637 636
667 669 668
678 798 672
1018 1296 682
697 836 834
707 759 758
726 1221 718
862 863 731
743 842 744
933 1222 758
765 1105 767
777 844 776
1074 1075 789
1220 1250 802
878 1201 803
1218 1311 807
863 912 864
872 1104 873
874 1338 1112
903 1227 1226
980 1141 967
973 1144 970
975 1199 971
1145 1146 979
1189 1239 1125
145 288 144
192 251 191
327 328 325
341 1184 340
355 801 359
647 1181 389
466 1290 442
490 491 469
479 1058 480
728 852 486
492 498 489
504 505 491
591 1249 503
511 531 512
521 533 520
521 596 534
525 1196 524
541 1170 542
780 1256 559
586 1234 730
594 631 630
613 734 733
622 1270 687
680 752 751
708 828 692
706 1222 742
715 1213 1128
718 1221 717
1153 1221 726
914 933 758
903 1226 762
777 1140 845
785 899 784
788 902 901
805 806 794
1129 1205 805
812 813 811
812 876 813
832 926 924
1118 1270 835
865 1025 853
894 1352 893
970 1144 972
984 1199 975
1053 1173 1171
1114 1271 1246
1125 1239 1122
358 362 361
378 1206 495
400 439 401
459 1182 420
434 1168 435
435 451 437
1107 1295 439
462 464 463
501 520 500
502 667 666
529 1240 595
547 1248 673
558 1260 1046
638 639 637
655 656 654
655 1074 658
786 796 674
680 751 681
694 1075 1074
820 847 761
805 1205 806
853 1297 1177
1302 1335 875
1130 1345 1068
1126 1213 1125
1218 1312 1311
207 246 206
363 369 367
430 1195 399
416 418 417
424 426 423
440 456 439
478 1269 454
462 463 461
462 485 464
464 465 463
483 489 482
488 515 514
548 589 515
680 681 588
737 1240 592
604 708 692
617 741 740
617 1200 855
622 624 623
622 687 624
633 743 634
1361 1363 647
651 653 652
787 1178 652
705 750 664
1189 1213 715
740 826 782
767 1105 1006
800 1228 1193
827 1027 1026
910 911 829
849 850 848
1080 1237 1081
1324 1330 1104
368 1166 364
390 391 380
398 550 392
405 425 407
1101 1303 443
463 523 461
488 547 515
509 529 508
556 560 559
1098 1099 570
1264 1272 602
626 698 628
693 1236 639
659 660 657
713 1291 1109
717 1221 1116
1169 1214 719
730 1234 879
749 822 737
789 821 754
759 916 915
773 1204 775
1030 1265 792
813 1252 811
828 910 829
832 1333 926
927 1118 835
854 1069 1052
870 1268 1142
897 1161 1078
1092 1304 1019
1334 1342 1070
1081 1085 1083
1081 1237 1085
1 287 245
196 265 195
323 325 324
325 1229 324
386 392 385
393 399 398
438 1194 413
443 1096 431
457 497 496
485 1274 464
507 509 508
620 621 532
564 1150 790
696 1270 620
687 1270 1118
722 1224 788
853 1177 781
858 1192 1191
1087 1089 1088
1244 1245 1101
1245 1303 1101
132 253 131
369 1220 367
394 395 388
433 444 443
448 1280 453
666 1207 481
490 1273 517
530 592 529
572 723 586
574 802 679
681 682 588
686 783 591
622 623 621
651 652 649
688 745 689
753 888 866
767 841 840
775 1204 1002
827 1026 782
1268 1271 786
1335 1338 875
1241 1243 1242
378 495 376
393 1135 428
404 1157 402
422 1159 424
424 1159 434
1290 1314 460
479 1059 1058
532 1301 512
795 1260 553
594 630 593
1112 1338 656
792 1236 693
734 846 816
1097 1276 865
415 1208 416
437 1302 448
488 514 487
564 790 540
867 1207 666
760 761 704
732 1364 1348
863 1289 912
963 1233 965
965 1233 977
405 1294 425
417 1228 1057
1159 1216 434
472 486 473
498 1149 575
555 556 554
599 650 649
742 1080 630
700 701 662
759 914 758
759 915 914
786 1271 1114
790 1216 1159
489 1255 482
1149 1279 575
665 705 664
802 1250 804
1006 1007 841
885 932 917
1157 1158 1155
128 267 127
409 1266 411
505 1259 491
802 803 679
681 1337 683
904 905 745
1151 1216 790
879 1306 862
1262 1289 863
866 1310 1282
402 1157 1155
477 1235 408
1193 1228 417
462 1314 485
514 587 516
592 1240 529
558 601 600
577 1200 617
733 1261 583
742 1237 1080
872 1308 1104
1021 1111 1020
1098 1251 1099
1172 1277 1153
1155 1206 388
408 1235 406
565 1098 570
633 1263 807
685 755 684
1055 1178 787
1223 1238 1237
425 1325 407
486 1209 473
552 1256 858
571 1186 567
584 1263 633
604 692 598
687 1305 624
728 1280 875
752 895 751
756 1310 1162
804 1250 810
1087 1088 1084
1088 1279 1084
1089 1358 1341
1221 1277 1116
1176 1332 1165
469 1259 573
512 1301 791
588 1296 516
560 1224 646
1259 1317 573
582 1263 584
679 1201 732
768 1202 769
814 1197 798
865 1276 1025
902 921 920
1211 1212 1103
1128 1283 1127
388 1206 378
606 1267 594
1174 1355 635
803 1201 679
752 1161 897
834 913 835
515 1211 514
530 1319 735
608 1324 1104
881 1188 614
659 1318 661
935 941 892
383 1246 381
381 1246 1106
430 1247 1195
435 1168 451
448 1302 1280
468 1273 490
1108 1186 571
641 1288 713
658 1074 789
1236 1265 739
791 1320 1107
1025 1297 853
1280 1302 875
1153 1277 1221
1185 1309 1300
415 1251 1208
467 1248 488
646 1224 722
661 1318 757
673 1268 786
1160 1207 867
1213 1287 1128
458 1244 1101
901 903 762
769 1202 772
1078 1161 797
902 1264 921
923 1139 1138
1126 1287 1213
806 1324 794
858 1257 1192
450 1207 1160
1170 1324 608
883 1292 741
798 1197 859
801 1309 1185
1273 1274 868
403 1294 405
1197 1349 438
488 1248 547
626 1305 698
678 1351 814
698 1305 832
421 1208 563
602 1275 1264
754 1318 659
667 1254 671
846 1284 816
1063 1316 1276
1339 1351 1234
403 1295 1294
416 1208 421
628 1347 627
1285 1286 780
1256 1257 858
322 1012 323
466 1323 1290
723 1339 1234
1094 1249 783
816 1284 818
1084 1279 1082
323 324 321
369 1300 1250
687 1333 1305
1250 1300 810
1243 1337 896
491 1259 469
563 1098 565
783 1249 591
604 1321 708
624 1305 626
869 1261 733
873 1330 1130
1241 1242 886
1185 1300 369
487 1323 466
1196 1354 524
643 1319 530
697 1278 837
561 1329 1215
589 1212 1211
792 1265 1236
812 1309 876
1292 1293 826
1093 1298 856
589 1211 515
716 1288 641
708 1321 839
899 1299 1298
524 1350 506
1165 1343 561
839 1346 940
894 1342 1334
1089 1341 1088
451 1302 437
788 1272 902
856 1298 929
736 1340 882
1278 1322 837
1177 1308 872
1298 1299 929
460 1314 462
780 1257 1256
1284 1372 818
732 1361 576
801 1329 1309
825 1359 1352
1014 1241 886
926 1333 1331
468 1274 1273
928 1318 754
1049 1334 595
1048 1288 716
794 1324 1170
1321 1346 839
1210 1342 562
807 1311 743
815 1363 869
891 1322 894
1294 1328 425
482 1255 502
1186 1321 604
867 1307 1160
1143 1358 907
1259 1336 1317
409 1325 1266
464 1274 468
474 1353 1061
562 1322 1278
573 1313 1183
740 1292 826
880 1364 1196
1276 1316 1025
1175 1356 1355
1295 1320 1294
502 1254 667
573 1317 1313
1341 1358 671
808 1336 878
741 1292 740
905 1253 745
1195 1247 795
1309 1329 876
240 273 239
1160 1307 458
720 1285 645
1313 1317 809
1258 1344 1182
575 1315 1255
1237 1238 1085
562 1342 1322
689 1253 691
809 1317 808
438 1349 1194
502 1255 1254
645 1285 780
1104 1330 873
879 1347 1306
407 1325 409
493 1353 474
505 1350 1336
814 1351 1339
1067 1328 1320
1107 1320 1295
595 1334 1070
1306 1347 628
1011 1344 1258
458 1307 1244
1215 1329 801
1290 1323 1034
675 1332 1176
561 1343 1329
656 1338 1044
743 1311 842
927 1331 1118
1182 1344 675
1340 1367 882
1255 1315 1254
1118 1333 687
869 1348 1261
735 1340 736
1331 1333 1118
1320 1328 1294
896 1337 751
1336 1350 878
505 1336 1259
1108 1321 1186
1348 1361 732
1088 1341 1315
1100 1339 723
1205 1345 806
902 1272 1264
960 1362 963
1254 1341 671
876 1343 877
1329 1343 876
1049 1352 1334
1044 1335 1054
751 1337 681
675 1344 1332
1358 1360 907
1070 1342 1210
745 1253 689
1261 1348 880
524 1354 1350
506 1350 505
825 1352 1049
1330 1345 1130
627 1347 678
881 1368 1188
919 1369 744
806 1345 1330
1317 1336 808
1100 1349 1339
1355 1356 940
1044 1338 1335
1108 1346 1321
1322 1342 894
1194 1349 1100
522 1353 493
671 1358 1143
878 1354 1201
1175 1355 1174
1196 1364 1354
1095 1371 1073
322 323 321
1315 1341 1254
635 1346 1108
1234 1351 879
918 1359 825
1350 1354 878
576 1361 647
1156 1372 643
643 1372 1284
869 1361 1348
1090 1360 1089
647 1365 1181
817 1363 815
1119 1357 764
963 1362 1233
735 1368 1340
1089 1360 1358
634 1367 881
1340 1368 881
817 1366 1365
1201 1364 732
881 1367 1340
1354 1364 1201
818 1366 817
1365 1366 1131
1363 1365 647
1181 1365 1131
1131 1366 396
1369 1370 884
818 1371 1366
919 1370 1369
1319 1368 735
817 1365 1363
744 1367 634
1366 1371 396
882 1369 884
396 1371 1095
1073 1372 1156
319 322 321
319 321 320
319 320 317
992 993 990
990 991 989
318 319 317
316 992 990
315 318 317
316 990 989
607 1373 1140
640 1374 711
843 1374 709
315 317 316
316 989 313
1230 1373 607
709 1374 640
990 1375 991
993 1375 990
315 316 313
314 315 313
311 314 313
1398 1399 980
311 313 312
1267 1384 710
980 1399 1141
988 1381 710
955 1388 1387
710 1381 707
759 1381 916
948 1380 949
310 944 311
311 312 309
1132 1383 606
310 1379 944
606 1380 1267
707 1381 759
371 1386 382
710 1384 988
988 1384 945
1132 1385 1383
526 1385 1132
1058 1387 1060
949 1383 951
484 1389 362
526 1388 1385
945 1384 948
955 1390 956
1146 1391 979
978 1391 983
1380 1383 949
1060 1388 526
606 1383 1380
1383 1385 951
981 1397 1396
478 1395 1393
951 1385 953
366 1386 371
310 311 309
307 986 310
1385 1388 953
1059 1387 1058
366 1389 1386
995 1394 354
354 1394 358
1233 1395 977
953 1388 955
1402 1403 1147
1400 1401 1198
433 1396 445
362 1389 366
1387 1390 955
956 1390 959
1059 1392 1390
979 1391 978
1386 1403 382
1390 1392 959
1269 1392 1059
449 1397 478
959 1392 1362
1269 1393 1392
1135 1401 1136
983 1394 995
1392 1393 1362
1059 1390 1387
478 1393 1269
1362 1393 1233
1147 1403 1386
384 1403 549
1141 1400 973
445 1397 449
358 1394 484
977 1395 981
432 1396 433
432 1398 1396
1198 1402 1145
1137 1398 432
478 1397 1395
973 1400 1198
1137 1399 1398
1136 1399 1137
1145 1402 1147
549 1401 1135
1399 1400 1141
1395 1397 981
382 1403 384
309 987 308
307 310 309
1401 1402 1198
1136 1400 1399
549 1402 1401
987 1404 308
307 309 308
307 308 305
306 307 305
305 943 303
304 306 305
1086 1406 1087
304 305 303
1446 1499 247
285 1502 929
1232 1408 849
1406 1407 1090
824 1405 918
1087 1406 1090
849 1408 908
933 1412 1222
303 887 302
270 304 303
1360 1413 907
942 1410 915
1238 1513 269
1413 1420 906
1506 1516 1453
264 1468 1299
1028 1417 1027
1218 1417 1312
277 1528 932
834 1418 913
1090 1419 1360
296 1516 931
1293 1421 826
827 1421 1028
1222 1412 1223
246 1461 937
907 1413 906
1458 1496 260
912 1424 864
1030 1427 1265
1022 1429 1021
1203 1429 1076
908 1432 909
268 1506 1453
1420 1529 906
757 1414 1077
301 1518 1139
247 1499 934
270 1436 304
263 1430 1004
282 1523 1043
1448 1509 922
1110 1464 822
890 1416 836
1027 1417 1218
304 1466 306
1405 1464 271
824 1464 1405
1416 1418 836
836 1418 834
1079 1506 268
1407 1419 1090
1299 1509 264
1410 1466 283
942 1466 1410
270 303 302
826 1421 827
935 1525 248
1457 1498 1424
934 1489 247
939 1422 838
828 1471 910
864 1424 1175
904 1426 905
1293 1478 252
1265 1427 830
1021 1429 1203
299 1497 1452
1405 1519 1456
909 1432 999
259 1500 1227
290 1529 1420
291 1437 1432
252 1469 1293
256 1439 1408
273 1420 1413
268 1495 1079
224 302 223
215 1439 214
291 1439 215
165 1438 164
245 1458 244
195 1442 194
226 1436 225
270 302 224
135 1444 134
283 1436 226
287 1458 245
185 1449 184
262 1437 217
199 1441 198
276 1444 135
194 1442 300
266 1438 165
184 1449 254
265 1442 195
214 1439 256
155 1452 154
164 1438 295
284 1435 219
216 1437 291
171 1451 170
258 1441 199
289 1451 171
217 1437 216
154 1452 261
225 1436 270
218 1435 262
234 1450 233
134 1444 301
299 1452 155
170 1451 257
233 1450 269
172 1447 289
281 1449 185
219 1435 218
252 1454 161
286 1450 234
257 1443 169
271 1447 173
161 1454 160
169 1443 168
198 1441 279
168 1443 298
235 1455 286
277 1440 150
173 1447 172
244 1458 260
156 1448 299
160 1454 285
268 1453 142
292 1446 148
142 1453 141
300 1457 193
141 1453 296
149 1440 292
150 1440 149
148 1446 147
147 1446 247
1 1445 287
192 1457 251
248 1456 176
193 1457 192
264 1448 157
176 1456 175
157 1448 156
127 1445 1
236 1455 235
249 1455 236
267 1445 127
205 1459 204
274 1460 209
204 1459 275
209 1460 208
207 1461 246
153 1462 152
1312 1475 1311
296 1463 140
139 1463 259
1004 1477 833
208 1461 207
1450 1488 1238
261 1462 153
166 1465 266
298 1465 167
1292 1478 1293
898 1485 938
132 1467 253
301 1467 133
140 1463 139
158 1468 264
285 1468 159
1242 1481 886
885 1481 932
162 1469 252
295 1469 163
1370 1482 884
1422 1471 838
279 1471 1422
136 1470 276
822 1464 824
999 1484 1000
167 1465 166
293 1431 1427
1079 1487 1078
897 1487 934
1232 1523 1409
306 1466 942
222 1472 250
1356 1494 940
231 1473 278
269 1473 232
133 1467 132
1005 1497 922
159 1468 158
887 1472 302
903 1470 1227
934 1499 895
294 1474 181
180 1474 272
888 1500 1163
1227 1500 1226
1409 1523 282
1430 1477 1004
917 1504 1015
163 1469 162
1065 1506 1079
941 1507 892
899 1509 1299
255 1476 228
227 1476 283
1460 1461 208
137 1470 136
287 1483 1479
911 1514 1022
278 1473 1412
1139 1518 921
1359 1525 935
920 1524 901
819 1523 1232
1085 1488 1091
1223 1513 1238
1410 1505 915
1414 1491 1077
297 1480 201
200 1480 258
1326 1484 1435
283 1476 1410
1472 1485 250
838 1471 828
280 1477 1430
273 1486 239
272 1474 1416
1289 1517 912
1409 1526 256
282 1526 1409
941 1501 178
145 1489 288
247 1489 146
248 1501 935
223 1472 222
252 1478 1454
143 1495 268
288 1495 144
1426 1496 905
260 1496 1426
302 1472 223
287 1479 1458
1416 1507 272
890 1507 1416
178 1535 941
232 1473 231
178 1501 177
260 1503 243
242 1503 290
912 1517 1425
257 1490 1443
1091 1492 1086
1370 1522 1451
1427 1508 830
279 1512 197
196 1512 265
1431 1508 1427
179 1535 178
238 1530 237
181 1474 180
151 1528 277
174 1519 271
212 1526 282
256 1526 213
939 1494 265
1419 1486 273
257 1522 1490
271 1519 1405
904 1529 1426
887 1485 1472
908 1515 1432
1311 1475 842
1445 1483 287
1356 1498 300
228 1476 227
1424 1498 1175
833 1477 1289
1478 1502 1454
1426 1503 260
938 1485 887
1422 1512 279
883 1478 1292
1470 1524 276
1007 1479 841
201 1480 200
1445 1493 1483
1482 1521 1110
886 1481 885
1475 1490 842
1462 1528 152
1479 1483 841
1432 1515 291
1086 1492 1406
932 1528 1462
840 1493 1029
1456 1519 175
1406 1492 249
292 1534 1510
1435 1484 262
999 1532 1484
884 1482 1110
903 1524 1470
1238 1488 1085
941 1535 1507
292 1510 1446
841 1483 840
1000 1484 1326
1007 1496 1479
1242 1534 1440
253 1527 1508
935 1501 941
239 1486 238
1078 1487 897
1437 1532 1432
253 1508 1431
146 1489 145
265 1494 1442
842 1490 919
1331 1520 926
1077 1491 900
1029 1533 1030
1175 1498 1356
264 1509 1448
920 1518 1444
929 1502 883
940 1494 939
144 1495 143
1407 1486 1419
905 1496 1007
1453 1516 296
1016 1497 1005
895 1499 896
1226 1500 888
1456 1525 918
177 1501 248
243 1503 242
1432 1532 999
883 1502 1478
248 1525 1456
1490 1522 919
1444 1518 301
1499 1510 896
1408 1515 908
286 1488 1450
1030 1533 1428
1015 1504 1016
915 1505 914
889 1506 1065
898 1531 1485
1483 1493 840
892 1507 890
830 1508 923
922 1509 899
896 1510 1243
249 1492 1455
267 1493 1445
889 1516 1506
271 1521 1447
1451 1522 257
927 1511 1331
1508 1527 923
197 1512 196
1510 1534 1243
910 1514 911
1464 1521 271
1439 1515 1408
931 1516 889
300 1498 1457
921 1518 920
250 1531 1327
269 1513 1473
280 1517 1477
1110 1521 1464
175 1519 174
1454 1502 285
1440 1534 292
919 1522 1370
1043 1523 819
901 1524 903
918 1525 1359
213 1526 212
923 1527 1139
152 1528 151
1425 1517 280
906 1529 904
237 1530 249
1243 1534 1242
272 1535 179
1412 1513 1223
1484 1532 262
1449 1511 254
291 1515 1439
1473 1513 1412
1467 1527 253
281 1520 1449
1428 1533 267
262 1532 1437
1493 1533 1029
1139 1527 1467
1507 1535 272
267 1533 1493
1477 1517 1289
1449 1520 1511
1511 1520 1331
1485 1531 250
