Nodes
296
-9.1887960315740109 -3.776832618102381 
-8.6102554825693627 -4.9499974976620997 
-9.6092585566279496 -2.538189354782554 
-9.8644486965042848 -1.2552612935287875 
-8.3580572205106769 -2.8188692206980166 
-7.8835356132319223 -6.0376114095415723 
-7.0210705326432459 -7.0210650910866548 
-7.9176972033708806 -3.8749387999054381 
-7.3431092174627679 -4.8681396614333385 
-6.0376175148076152 -7.8835309284963095 
-4.9500041621905284 -8.6102516348012283 
-9.9499999999999993 0.050000000000000003 
-9.8644486756519729 1.3552614519178836 
-8.6581709201250927 -1.6840346413529235 
-8.7868101549240052 -0.52965462523363538 
-7.5901910070628267 -2.0042657032335454 
-7.2262249745761942 -2.906666868445746 
-6.6380658202352327 -5.7792505659966684 
-5.8227876825178448 -6.5973347990566777 
-6.7907335940668805 -3.8891691865967686 
-6.2210083417827589 -4.6762387575658009 
-3.7768397278478147 -9.1887930866193575 
-2.538199561455146 -9.6092558217537327 
-4.9067968239592208 -7.3092931994311137 
-3.9132702741312206 -7.8867593408299772 
-8.7932677044515 0.64343486181557774 
-9.6092558217537292 2.6381995614551461 
-8.6237925885492359 1.7741835629642266 
-9.1887930866193592 3.8768397278478139 
-7.7448057419738445 -0.92903908896157361 
-7.7950323813862239 0.080259415767499509 
-6.9530184589229478 -1.3159626381479081 
-1.2552614519178829 -9.8644486756519729 
-6.4419073441951262 -2.153262347531506 
-6.3198122215354857 -3.0563334870059227 
-5.5369253075253448 -5.4749564514157427 
-4.7962500959364096 -6.1159125579135782 
-5.6594181078513675 -3.7572647283208713 
-5.2697688170721211 -4.5619115072108976 
-2.8663631404026786 -8.3645002047537584 
-1.7786823808364347 -8.6408308171152317 
-3.9284223648986494 -6.7240440460614401 
-3.0568411856529827 -7.1531317654607776 
0.050000000000000003 -9.9499999999999993 
-7.7060420994690801 1.143590363012382 
-8.3391210663130337 2.9156134298516108 
-7.5524358792595638 2.1121131514049956 
-8.6102516348012283 5.0500041621905289 
-7.88059562876066 3.9785005738907868 
-7.8835309284963095 6.1376175148076166 
-6.7791695339908316 -0.39688172913676018 
-6.9570370434479027 0.55258143108858382 
-5.7717675508326121 -1.0034658720829095 
-0.59087792199568623 -8.810334651767068 
0.56572090835768618 -8.7715218639695269 
-5.3034632734112064 -2.4804274862270956 
-4.4922898959565956 -5.0961000321136876 
-3.9027855315214106 -5.7757476308576408 
-4.4392024322445405 -3.8049975666383888 
-2.0625741513409532 -7.5625291259047014 
-1.1355663314897146 -7.7864525816848644 
-2.9947695490709973 -6.1025205279815733 
-2.3091974273344222 -6.6203038224013584 
1.3552612935287909 -9.8644486965042848 
-6.6899499700579961 1.4221474762999451 
-7.1727428286218 3.1183574042830302 
-6.6597677445514449 2.3731896528305843 
-7.2952771502575047 4.9890330276544583 
-6.7186253418975248 4.0033797143049652 
-7.0210650910866548 7.1210705326432482 
-6.5730080461048095 5.8946138560602233 
-6.0376114095415723 7.9835356132319246 
-4.453378296008875 -1.1811362603505677 
-5.8149912323353874 0.5137916294998528 
-4.6564447475491875 -0.010382274783426876 
0.0085217239122283624 -7.8487539721808144 
1.7386952318037345 -8.6444972671375009 
0.94904244960511153 -7.7641021791747331 
-4.0387569612104368 -2.4065321416595031 
-3.4857564245836521 -1.3912829778414628 
-3.2947333377104817 -4.8056682305097898 
-3.2660710494350109 -3.2679876429243921 
-1.3786905186512743 -6.6760048330145105 
-0.50878160954117957 -7.0255342337293651 
-1.9756933831340795 -5.5374256142020482 
2.6381893547825528 -9.6092585566279496 
-5.5077294495365381 2.0370694121538335 
-6.0952342226466136 3.072467770153434 
-6.1056510753234665 4.8700818356661983 
-5.7622511457751049 3.9918376741818866 
-5.7618240654696953 6.7177565090590434 
-5.4526599367674606 5.6199150641777171 
-4.9499974976620997 8.7102554825693641 
-4.8389275363951256 7.4052796252393751 
-3.5017115523539428 -0.42432997137580697 
-4.449599350286233 1.2491203415780061 
-3.7117043162154868 0.59210958035264316 
-4.0624459236910297 2.3199748197995209 
-3.776832618102381 9.2887960315740123 
2.8628656556712251 -8.3336371270518885 
0.41972635550693171 -6.7960643321309222 
2.0222173392747305 -7.5265918390496758 
1.3062141871955124 -6.9062488247419562 
-2.4448135899360892 -0.87386561031191434 
-2.8385555500816233 -2.1312659121440993 
-2.2945621297966112 -4.0976563445694385 
-2.3257966636253862 -2.9737943337070543 
-0.44242078906041693 -5.8616510166571674 
-1.222811319249584 -4.4994583891422657 
3.876832618102378 -9.1887960315740109 
-4.7901952323958756 3.3920813769421403 
-5.0884487621599934 4.5946094956782844 
-4.6476757577433343 6.2821243429525513 
-4.5393519138034666 5.3603043456500021 
-3.8441452993865859 7.9942226405728363 
-3.8271760419540488 6.8464863426427227 
-2.7836135670704261 8.4237676505539749 
-1.6491478902144443 -0.13790778591307234 
-1.4503474163929724 -0.89064084094202367 
-2.4892683517392764 0.5072865706053491 
-3.2538402229977565 1.4442479514550035 
-3.2392725379594611 3.3168127471899576 
-2.9111825779107665 2.3719305491165041 
-1.3551857396444937 0.62714267371178556 
-2.538189354782554 9.7092585566279492 
3.9331256781125195 -7.8878467089782633 
2.964878986776037 -7.1585560095059568 
0.95417803819578928 -5.822571074625869 
2.0745660146389628 -6.41622663093061 
-1.6830747133565584 -1.9921828785784024 
-1.4345267762045821 -3.2780028780588926 
0.09022593535517294 -4.7473706955143928 
-0.56621376665123102 -3.694686236650488 
4.9327134655763238 -7.3196460391746809 
5.0499974976621012 -8.6102554825693627 
-3.7773047967267379 4.5520509795031074 
-3.7351822817341764 5.7527951203152945 
-2.8883245351354327 7.2907507108575702 
-3.0100549626872768 6.3544762967393673 
-1.6627520528725646 8.7346961671622907 
-1.9403522193609497 7.6203040505459398 
-2.3385688576298378 4.0520091424585853 
-0.73077423578425726 -1.3273280427919112 
-0.83694651705780321 -0.25764128688341148 
-1.9363295085178913 1.6808800823186907 
-2.1259190358372013 2.8760468693290253 
-1.3066704368679827 3.5449638144264259 
-0.86951243249971011 1.3509081098091444 
-0.28238317145083736 0.45607355441714975 
-0.53358445127783027 8.8727789958536007 
-1.2552612935287906 9.9644486965042898 
1.1128835030713911 -4.5750023532627164 
3.91062841830332 -6.7181627116896445 
2.9882810408899747 -6.0955182355341462 
2.1180832088771187 -5.4255380935428565 
4.7850719400003419 -6.2061911896752076 
-0.5588883158278739 -2.4769761432089648 
0.4951466668973642 -3.4640955509613032 
0.053555653108122193 -1.6105814475871438 
1.4820199009580466 -3.6824712303947322 
5.8679491943040132 -6.6155518012593362 
6.1376114095415737 -7.8835356132319259 
-2.4759383069535783 5.3490452577587932 
-2.1307161312304759 6.5352796813633365 
-0.90419332563669874 7.8043627183773037 
-1.2725137042201 6.9329673749611755 
0.086215474712297027 7.8814824822115535 
-1.1445587220128086 4.4951192486059064 
0.1503292600515253 -0.61768139265382516 
-0.79748093011059362 2.4886719457817694 
-0.33167522256143173 3.6010230641270917 
0.063109500913879721 1.5128205596934834 
0.74148082592704778 0.47344921566947884 
0.64687306374271913 8.8754678452763578 
0.050000000000000003 10.050000000000001 
2.3812516858855544 -4.2856829018306382 
3.8596987421785123 -5.6412182948027452 
3.0018308745659033 -5.2134076727330623 
5.5746139927620266 -5.4926591445574235 
4.6917060704610511 -5.2838288537506992 
0.62971686950912498 -2.2935205486092989 
1.2562761163149097 -2.9514614509681603 
0.75754670306880467 -1.3915403489129075 
2.1645415326210133 -3.1361138949508409 
2.9940966494106687 -3.4769638437627854 
6.1561722334855249 -4.7925694318144014 
6.6566192668571578 -5.7702082882735208 
7.1210650910866535 -7.0210705326432503 
-1.0197521077421858 5.8210542389367301 
-0.37267101223634319 6.8845879547385067 
1.1228091646053759 7.7708057399054864 
0.55805940907655938 7.0808916391180619 
-0.00076534600335009632 4.7256757232547049 
0.60705774041703175 3.8281880789590654 
1.3390066556719278 -0.64193753217734184 
0.53913970306050774 2.6512582986033886 
0.9661507965162297 1.5750479905606474 
1.910339844861505 0.21388329840635104 
1.6148863809068366 1.0651092063470298 
2.1297671394617819 7.584896005818381 
1.7995113611443154 8.7138534045435634 
1.3552614519178841 9.9644486756519779 
3.8233399154235919 -4.3521914557151025 
5.1174113922465017 -4.4497474904765717 
5.8467504990383929 -3.9358194298768132 
3.7844714907282766 -3.201456340815608 
1.8124400158842353 -1.8827803348903656 
3.0194883067596949 -2.5741732764746335 
6.7846289238412822 -3.9486011624398203 
7.3827790264478095 -4.8976816573131829 
7.9835309284963083 -6.037617514807617 
0.48342552681239748 5.8823850418740777 
1.4284192165019374 6.7430923393194995 
2.3747802868186407 6.6703333499711253 
1.2101293634313186 4.5567520889017095 
1.4883421815000675 3.3980125167591431 
2.4360376099259575 -0.69208787481065936 
2.8283556940249799 0.14261996011139555 
1.7890663827357436 2.1630626701476188 
2.6121658690958078 1.1502724598999325 
3.0726374220361752 7.1715625653492197 
2.9047886363038051 8.3784627043667577 
2.6381995614551479 9.7092558217537341 
4.9120746997490707 -3.3284155243638462 
6.121869925126342 -3.1092744782501232 
4.1734626882033679 -2.275573030921525 
3.244836499771925 -1.503081374658356 
6.7327531162871379 -2.313511919403592 
7.2336180462013644 -3.043189289315706 
7.9665838127482589 -3.9130726880686981 
8.7102516348012298 -4.9500041621905302 
2.0239566033966145 5.6007752520341789 
3.0871651931232993 6.1549254404568785 
2.3642593600302604 4.1275205351363393 
2.4204005393255423 3.0612934288067368 
3.5261569937676365 -0.46091813476773058 
3.6162111681551372 0.61337291028002927 
2.9622377073552397 2.2883927085300955 
3.5461107903581337 1.5254875961555165 
4.0131846782547758 5.8995958747685231 
3.985529000486399 6.794993999404177 
3.9743371854198255 7.9407733797450559 
3.8768397278478153 9.2887930866193607 
5.569935371692754 -1.9165273539683021 
4.5099697605184819 -1.1297843152484042 
6.7156621699624992 -1.3364382646194564 
7.5946064290459434 -2.0369563050707269 
8.3994320841943271 -2.8621200698659282 
9.2887930866193589 -3.7768397278478147 
3.4198704385640215 4.8780767467845125 
3.3395977273680213 3.3859836659602358 
4.6921133446646781 0.13009897290543088 
4.5200080774971267 1.3102113289979653 
4.0660849352481891 2.4442564302105279 
4.5719786302100847 5.1540542000827463 
4.8452815164970851 6.1928202827991683 
4.9820201280516043 7.3827852526384667 
5.0500041621905307 8.7102516348012333 
5.8849502664555207 -0.43500444083825462 
7.0131248561976189 -0.48839080945895097 
7.7621106107972544 -1.0856310121643156 
8.6876142315987952 -1.7464840125101031 
9.7092558217537306 -2.5381995614551478 
4.5536831004213019 3.8286130768505182 
5.8193917505233062 1.0988876993186436 
5.372785728477262 2.5356521745833085 
5.3820999361912802 4.6223181053292279 
5.6143085108581205 5.5256507561749482 
5.8993513889081619 6.6743412905848531 
6.1376175148076184 7.9835309284963083 
6.8486220138194032 0.46370238459047586 
7.8563645503470729 -0.025646299271121414 
8.8636642498689717 -0.58454803588827409 
9.9644486756519779 -1.255261451917884 
6.9632807755356119 1.3499784368635428 
5.7233643068902635 3.7799502150030606 
6.5440911176824592 2.1983719007541538 
6.3828769208861633 3.0892746186108724 
6.2951504569205436 4.6889867222484227 
6.6958106083947388 5.8401977846327391 
7.1210705326432517 7.1210650910866535 
7.7876505473879876 0.9680132599734047 
8.8630150240112009 0.57297641732093141 
10.050000000000001 0.050000000000000003 
7.6195589811762234 2.0051679518106349 
6.8322574767993238 3.9060188269487535 
7.2728266850983108 2.9481123556882531 
7.3814713327197783 4.8878454838181025 
7.9835356132319246 6.1376114095415737 
8.7266131243691607 1.7276217650320242 
9.9644486965042862 1.3552612935287891 
8.4245347185379025 2.8389625310047411 
7.985023621216448 3.917961552204055 
8.7102554825693641 5.0499974976621012 
9.7092585566279492 2.638189354782555 
9.2887960315740123 3.8768326181023802 
Elements 
542 
2 0 4 
0 1 7 
4 0 7 
1 5 8 
7 1 8 
3 2 13 
13 2 4 
11 3 14 
14 3 13 
13 4 15 
4 7 16 
15 4 16 
5 6 17 
8 5 17 
6 9 18 
17 6 18 
7 8 19 
16 7 19 
8 17 20 
19 8 20 
9 10 23 
18 9 23 
10 21 24 
23 10 24 
12 11 25 
25 11 14 
26 12 27 
27 12 25 
14 13 29 
29 13 15 
25 14 30 
30 14 29 
29 15 31 
15 16 33 
31 15 33 
16 19 34 
33 16 34 
17 18 35 
20 17 35 
18 23 36 
35 18 36 
19 20 37 
34 19 37 
20 35 38 
37 20 38 
21 22 39 
24 21 39 
22 32 40 
39 22 40 
23 24 41 
36 23 41 
24 39 42 
41 24 42 
27 25 44 
44 25 30 
28 26 45 
45 26 27 
45 27 46 
46 27 44 
47 28 48 
48 28 45 
30 29 50 
50 29 31 
44 30 51 
51 30 50 
50 31 52 
31 33 52 
32 43 53 
40 32 53 
53 43 54 
33 34 55 
34 37 55 
33 55 52 
35 36 56 
38 35 56 
36 41 57 
56 36 57 
37 38 58 
38 56 58 
37 58 55 
39 40 59 
42 39 59 
40 53 60 
59 40 60 
41 42 61 
57 41 61 
42 59 62 
61 42 62 
43 63 54 
46 44 64 
64 44 51 
48 45 65 
65 45 46 
65 46 66 
66 46 64 
49 47 67 
67 47 48 
67 48 68 
68 48 65 
69 49 70 
70 49 67 
52 55 72 
64 51 73 
51 50 73 
50 52 73 
73 52 74 
74 52 72 
53 54 75 
60 53 75 
54 63 76 
54 76 77 
75 54 77 
55 58 78 
72 55 78 
72 78 79 
56 57 80 
57 61 80 
56 80 58 
58 80 81 
78 58 81 
59 60 82 
62 59 82 
60 75 83 
82 60 83 
61 62 84 
62 82 84 
61 84 80 
63 85 76 
66 64 86 
64 73 86 
68 65 87 
87 65 66 
87 66 86 
70 67 88 
88 67 68 
88 68 89 
89 68 87 
71 69 90 
90 69 70 
90 70 91 
91 70 88 
92 71 93 
93 71 90 
74 72 94 
94 72 79 
86 73 95 
95 73 74 
95 74 96 
96 74 94 
97 86 95 
76 85 99 
75 77 100 
83 75 100 
76 99 101 
77 76 101 
77 101 102 
100 77 102 
94 79 103 
78 81 104 
79 78 104 
79 104 103 
80 84 105 
81 80 105 
81 105 106 
104 81 106 
82 83 107 
83 100 107 
82 107 84 
84 107 108 
105 84 108 
85 109 99 
89 87 110 
87 86 110 
110 86 97 
91 88 111 
111 88 89 
111 89 110 
93 90 112 
112 90 91 
112 91 113 
113 91 111 
98 92 114 
114 92 93 
114 93 115 
115 93 112 
116 98 114 
117 103 118 
96 94 119 
94 103 119 
119 103 117 
97 95 120 
120 95 96 
120 96 119 
121 110 97 
121 97 122 
122 97 120 
123 119 117 
124 98 116 
99 109 125 
99 125 126 
101 99 126 
100 102 127 
100 127 107 
101 126 128 
102 101 128 
102 128 127 
104 106 129 
104 129 103 
103 129 118 
105 108 130 
106 105 130 
106 130 129 
107 127 131 
108 107 131 
108 131 132 
108 132 130 
109 134 125 
125 134 133 
113 111 135 
111 110 135 
135 110 121 
115 112 136 
136 112 113 
136 113 135 
116 114 137 
137 114 115 
137 115 138 
138 115 136 
139 124 116 
139 116 140 
140 116 137 
141 135 121 
118 129 142 
118 142 143 
117 118 143 
123 117 143 
122 120 144 
120 119 144 
144 119 123 
141 121 145 
145 121 122 
145 122 144 
146 141 145 
147 144 123 
147 123 148 
143 148 123 
150 124 139 
149 150 139 
131 127 151 
125 133 152 
126 125 152 
126 152 153 
128 126 153 
128 153 154 
128 154 127 
127 154 151 
152 133 155 
130 132 156 
130 156 129 
129 156 142 
131 151 157 
132 131 157 
132 157 156 
156 158 142 
157 151 159 
133 160 155 
134 161 133 
133 161 160 
138 136 162 
136 135 162 
162 135 141 
140 137 163 
163 137 138 
163 138 162 
149 139 164 
164 139 140 
164 140 165 
165 140 163 
166 149 164 
167 162 141 
167 141 146 
142 158 168 
143 142 168 
143 168 148 
146 145 169 
145 144 169 
169 144 147 
170 167 146 
170 146 169 
171 169 147 
171 147 148 
171 148 172 
168 172 148 
173 149 166 
174 150 149 
173 174 149 
154 175 151 
151 175 159 
152 155 176 
153 152 176 
153 176 177 
153 177 154 
154 177 175 
155 160 178 
155 178 179 
176 155 179 
156 157 180 
156 180 158 
157 159 181 
157 181 180 
158 180 182 
158 182 168 
159 175 183 
159 183 181 
175 184 183 
160 186 178 
178 186 185 
161 187 160 
160 187 186 
165 163 188 
163 162 188 
188 162 167 
166 164 189 
189 164 165 
189 165 188 
190 173 166 
190 166 191 
191 166 189 
192 188 167 
192 167 170 
193 192 170 
182 194 168 
194 172 168 
193 170 195 
170 169 195 
195 169 171 
196 195 171 
196 171 172 
194 197 172 
197 198 172 
198 196 172 
200 173 190 
199 200 190 
201 174 173 
200 201 173 
176 179 202 
177 176 202 
177 202 175 
175 202 184 
178 185 203 
178 203 179 
179 203 202 
203 185 204 
202 205 184 
183 206 181 
180 181 206 
180 206 182 
182 206 194 
183 184 207 
205 207 184 
183 207 206 
185 208 204 
186 209 185 
185 209 208 
187 210 186 
186 210 209 
191 189 211 
189 188 211 
211 188 192 
199 190 212 
212 190 191 
212 191 211 
213 199 212 
214 211 192 
214 192 193 
215 214 193 
215 193 195 
206 216 194 
216 197 194 
216 217 197 
215 195 218 
218 195 196 
198 218 196 
217 219 197 
219 218 198 
197 219 198 
220 199 213 
221 200 199 
220 221 199 
222 201 200 
221 222 200 
203 204 223 
203 223 202 
202 223 205 
204 208 224 
204 224 223 
205 223 225 
205 225 207 
207 225 226 
207 226 206 
226 216 206 
208 228 224 
224 228 227 
209 229 208 
229 228 208 
210 230 209 
209 230 229 
213 212 231 
212 211 231 
231 211 214 
232 220 213 
232 213 231 
233 231 214 
233 214 215 
234 233 215 
234 215 218 
226 235 216 
235 217 216 
235 236 217 
217 236 219 
237 234 218 
237 218 219 
236 238 219 
238 237 219 
240 220 232 
239 240 232 
241 221 220 
240 241 220 
242 222 221 
241 242 221 
224 227 243 
224 243 223 
223 243 225 
225 243 244 
225 244 226 
226 244 235 
227 245 243 
228 246 227 
227 246 245 
229 247 228 
228 247 246 
230 248 229 
229 248 247 
239 232 249 
232 231 249 
249 231 233 
250 249 233 
250 233 234 
237 250 234 
244 251 235 
235 251 236 
251 252 236 
236 252 238 
252 253 238 
253 250 237 
253 237 238 
254 239 249 
255 240 239 
254 255 239 
256 241 240 
255 256 240 
257 242 241 
256 257 241 
245 258 243 
243 258 244 
244 258 251 
245 259 258 
246 260 245 
245 260 259 
247 261 246 
246 261 260 
248 262 247 
247 262 261 
254 249 263 
263 249 250 
253 263 250 
258 264 251 
251 264 252 
264 265 252 
265 263 253 
252 265 253 
266 254 263 
267 255 254 
266 267 254 
268 256 255 
267 268 255 
269 257 256 
268 269 256 
259 270 258 
270 264 258 
260 271 259 
259 271 270 
261 272 260 
260 272 271 
262 273 261 
273 272 261 
270 274 264 
275 266 263 
275 263 265 
274 276 264 
276 265 264 
276 277 265 
277 275 265 
278 267 266 
275 278 266 
279 268 267 
278 279 267 
280 269 268 
279 280 268 
271 281 270 
270 281 274 
272 282 271 
271 282 281 
273 283 272 
272 283 282 
281 284 274 
274 284 276 
285 278 275 
277 285 275 
284 286 276 
286 285 277 
276 286 277 
287 279 278 
285 287 278 
288 280 279 
287 288 279 
282 289 281 
281 289 284 
283 290 282 
282 290 289 
289 291 284 
284 291 286 
291 292 286 
292 287 285 
286 292 285 
293 288 287 
292 293 287 
290 294 289 
289 294 291 
294 295 291 
295 293 292 
291 295 292 