Nodes 
20
0 0 
0.33277404136450117 0 
0.66722595863550904 0 
0.21312666302131572 0.22191387010013458 
0 0.33277404136449096 
0 0.66722595863549883 
0.78470322138540993 0.22340783086197352 
1 0 
0.49605909811325027 0.28878217250267524 
0.22548032134888502 0.49452612300060916 
0.21281423297457602 0.7718381487908631 
0 1 
0.76096327925475549 0.49830831791331859 
1 0.33277404136450117 
0.49948292807912487 0.70379422419717486 
0.33277404136449096 1 
0.78553443319387584 0.77386570014920042 
1 0.66722595863550904 
0.66722595863549883 1 
1 1 
Elements
26
0 1 3 
4 0 3 
2 7 6 
1 2 8 
1 8 3 
8 2 6 
5 4 9 
9 4 3 
9 3 8 
10 5 9 
11 5 10 
8 6 12 
7 13 6 
13 12 6 
14 10 9 
12 14 8 
14 9 8 
15 11 10 
14 15 10 
12 16 14 
13 17 12 
12 17 16 
18 15 14 
18 14 16 
17 19 16 
19 18 16 