Nodes
1597
0 0
10 0
0 10
-10 0
0 -10
9.987954561995547 0.4906767444177023
9.951847266513917 0.9801714054079806
9.891765099118178 1.467304748124101
9.807852803022969 1.950903225235552
9.700312530349018 2.429801805405912
9.569403354893886 2.902846780549335
9.415440648497972 3.368898543235174
9.238795320565215 3.826834334629902
9.039892925553273 4.275550946314624
8.819212637046149 4.713967380303509
8.577286092630317 5.141027454232332
8.314696114028727 5.555702343660574
8.032075304339882 5.956993059036866
7.730104521287618 6.343932856672485
7.409511239678901 6.715589563774133
7.071067796349593 7.071067827381357
6.71558953322706 7.409511267365153
6.343932827196875 7.730104545477626
5.956993031505425 8.032075324758591
5.555702317059489 8.314696131803004
5.141027428684901 8.577286107942857
4.713967356031397 8.819212650019862
4.275550922974722 9.039892936592224
3.826834313167646 9.238795329455172
3.368898524314946 9.415440655267739
2.902846764209971 9.569403359850378
2.429801792278005 9.700312533637387
1.950903214383968 9.807852805181485
1.467304740040461 9.891765100317274
0.9801714003984898 9.951847267007309
0.4906767419837688 9.987954562115117
-0.4906767444177023 9.987954561995547
-0.9801714054079806 9.951847266513917
-1.467304748124101 9.891765099118178
-1.950903225235552 9.807852803022969
-2.429801805405912 9.700312530349018
-2.902846780549335 9.569403354893886
-3.368898543235174 9.415440648497972
-3.826834334629902 9.238795320565215
-4.275550946314624 9.039892925553273
-4.713967380303509 8.819212637046149
-5.141027454232332 8.577286092630317
-5.555702343660574 8.314696114028727
-5.956993059036866 8.032075304339882
-6.343932856672485 7.730104521287618
-6.715589563774133 7.409511239678901
-7.071067827381357 7.071067796349593
-7.409511267365153 6.71558953322706
-7.730104545477626 6.343932827196875
-8.032075324758591 5.956993031505425
-8.314696131803004 5.555702317059489
-8.577286107942857 5.141027428684901
-8.819212650019862 4.713967356031397
-9.039892936592224 4.275550922974722
-9.238795329455172 3.826834313167646
-9.415440655267739 3.368898524314946
-9.569403359850378 2.902846764209971
-9.700312533637387 2.429801792278005
-9.807852805181485 1.950903214383968
-9.891765100317274 1.467304740040461
-9.951847267007309 0.9801714003984898
-9.987954562115117 0.4906767419837688
-9.987954561995547 -0.4906767444177023
-9.951847266513917 -0.9801714054079806
-9.891765099118178 -1.467304748124101
-9.807852803022969 -1.950903225235552
-9.700312530349018 -2.429801805405912
-9.569403354893886 -2.902846780549335
-9.415440648497972 -3.368898543235174
-9.238795320565215 -3.826834334629902
-9.039892925553273 -4.275550946314624
-8.819212637046149 -4.713967380303509
-8.577286092630317 -5.141027454232332
-8.314696114028727 -5.555702343660574
-8.032075304339882 -5.956993059036866
-7.730104521287618 -6.343932856672485
-7.409511239678901 -6.715589563774133
-7.071067796349593 -7.071067827381357
-6.71558953322706 -7.409511267365153
-6.343932827196875 -7.730104545477626
-5.956993031505425 -8.032075324758591
-5.555702317059489 -8.314696131803004
-5.141027428684901 -8.577286107942857
-4.713967356031397 -8.819212650019862
-4.275550922974722 -9.039892936592224
-3.826834313167646 -9.238795329455172
-3.368898524314946 -9.415440655267739
-2.902846764209971 -9.569403359850378
-2.429801792278005 -9.700312533637387
-1.950903214383968 -9.807852805181485
-1.467304740040461 -9.891765100317274
-0.9801714003984898 -9.951847267007309
-0.4906767419837688 -9.987954562115117
0.4906767444177023 -9.987954561995547
0.9801714054079806 -9.951847266513917
1.467304748124101 -9.891765099118178
1.950903225235552 -9.807852803022969
2.429801805405912 -9.700312530349018
2.902846780549335 -9.569403354893886
3.368898543235174 -9.415440648497972
3.826834334629902 -9.238795320565215
4.275550946314624 -9.039892925553273
4.713967380303509 -8.819212637046149
5.141027454232332 -8.577286092630317
5.555702343660574 -8.314696114028727
5.956993059036866 -8.032075304339882
6.343932856672485 -7.730104521287618
6.715589563774133 -7.409511239678901
7.071067827381357 -7.071067796349593
7.409511267365153 -6.71558953322706
7.730104545477626 -6.343932827196875
8.032075324758591 -5.956993031505425
8.314696131803004 -5.555702317059489
8.577286107942857 -5.141027428684901
8.819212650019862 -4.713967356031397
9.039892936592224 -4.275550922974722
9.238795329455172 -3.826834313167646
9.415440655267739 -3.368898524314946
9.569403359850378 -2.902846764209971
9.700312533637387 -2.429801792278005
9.807852805181485 -1.950903214383968
9.891765100317274 -1.467304740040461
9.951847267007309 -0.9801714003984898
9.987954562115117 -0.4906767419837688
-6.600293216105599 -6.945640484990715
6.59357541767621 6.965174551038949
6.932436341179724 -6.600228048174069
-6.933352894196351 6.589858978881454
-0.268183628207292 9.522389056416774
9.598879811806871 0.254954009152166
-9.604278002061916 -0.2462709448551642
0.2423388865621624 -9.50004182740992
-3.966788093111367 8.763272482561437
8.759276479173419 3.831005421998705
-8.769112378631972 -3.870840047884001
3.954310289428161 -8.73562717464184
3.447562146913966 8.913125733786549
8.930533966071165 -3.444887079188864
-8.930533966071165 3.444887079188864
-3.463000046986496 -8.966412201491403
9.339344330422163 2.097219907255186
-2.117117749920238 9.350254060211729
2.040610281760735 -9.411750804076394
-9.348435348067913 -2.101239072711953
5.120955283167524 8.086872132879035
8.086872132879035 -5.120955283167524
-8.086872132879035 5.120955283167524
-5.120955283167524 -8.086872132879035
7.861791453675785 5.502293508760676
-5.531384981979391 7.797566162746212
5.549232699008384 -7.838912509317996
-7.871041188363876 -5.487012741555721
1.656167969140854 9.432753171297316
9.502002081999184 -1.574406893919937
-9.515746667108349 1.584363061833098
-1.631055220248603 -9.455181127494336
7.247943730646361 6.25211928406754
6.260361106840614 -7.250013250456803
-6.256036997534691 7.218568538926509
-7.25049757651411 -6.248137178307513
4.30560293700316 8.554224516668448
8.56448474419107 -4.312956613342942
-8.560566307385301 4.311422402607431
9.505384941570757 1.181984532652154
-1.202181369554799 9.471886686931265
9.045492759998146 3.03983610452821
-2.993211057636108 9.081372339193067
1.248650835231181 -9.551122924311478
2.970037024320926 -9.130754411176287
-9.499936333212249 -1.171705393513891
-9.046005581592704 -3.027683985987057
5.931091786516613 7.579813927517852
7.556791049692452 -5.898453365921798
-4.303644405264491 -8.549873024936828
-7.56304488788618 5.906079733805908
8.341829026466915 4.723414228314204
2.564362802843611 9.207865688762405
-4.700743180230627 8.316377836443282
9.232448015898257 -2.531333229988824
4.682070915637529 -8.391747540241106
-9.245796741814321 2.528205659008952
-8.419021192496338 -4.675829161247217
-2.505939663725544 -9.206283898111851
0.7078499191473943 9.645176796758147
9.526186519687119 -0.7148095672708059
-9.506298146644236 0.7497701817176518
-0.7867621704685388 -9.609744700763509
-5.888948563293251 -7.545990242314152
7.558098394521157 5.873829928354757
7.084102273432568 5.783680126404144
6.767210860241494 6.159329903923072
6.609285555961113 5.693291726079882
6.281765111012523 6.059006574252539
6.12836291671593 5.59686967294908
6.453444555959109 5.229160666725239
5.972330017172507 5.132408028967335
5.647900088322712 5.500722312727686
5.49134248279065 5.03576860272964
5.81575121392661 4.667435480957224
5.334597643255815 4.570638371476212
5.010161568958013 4.938945591169419
4.853421872422287 4.473820230023144
5.177862337111486 4.105517166016876
4.696683352521913 4.008695981704991
4.372242696536459 4.376998861982081
4.215503290903415 3.911873774056497
4.539943801095848 3.54357075354361
4.058763765732236 3.446748572864794
3.734323280549726 3.815051614914821
3.577583737454383 3.349926397074177
3.902024221216537 2.981623354295103
3.420844189068101 2.884801174515567
3.096403704527973 3.253104216712987
2.939664156304363 2.78797899396016
3.264104640706257 2.419675951520022
2.782924607845224 2.322853770807151
2.458484123221943 2.691156813200184
2.301744574919407 2.226031590450286
2.626185059377602 1.857728547868649
2.145005026484492 1.760906367530231
1.820564541770934 2.129209409669822
1.663824993414402 1.664084186857638
1.988265478031155 1.295781144476862
1.507085445009053 1.198958963953311
1.182644960277156 1.567262006075285
1.025905411888015 1.102136783234711
1.350345896525203 0.7338337409031825
0.869165863485915 0.6370115603458376
0.5447253787555689 1.00531460250624
0.3879858303565882 0.5401893796434758
0.7124263149915295 0.171886337332821
0.2312462819305664 0.07506415673885039
-0.09319420280427533 0.443367198907626
-0.2499337512160541 -0.02175802395561693
0.07450673353150628 -0.3900610661368364
-0.4066732996639622 -0.4868832468609364
-0.5743742359414327 0.3465450181903778
-0.08223281488954617 -0.8551862890643909
-0.5634128481303687 -0.9520084697859511
-0.2389723633253225 -1.320311512022798
-0.7201523965978227 -1.417133692744066
-0.3957119117971158 -1.78543673497443
0.08546812147474478 -1.688614554258099
-0.8768919450754861 -1.882258915716734
-1.201332429863756 -1.513955873478173
-0.07127142706480949 -2.153739777258647
0.4099086062333074 -2.056917596491684
-1.358071978354071 -1.979081096452245
-1.682512463153224 -1.610778054191706
0.2531690577079491 -2.522042819474443
0.7343490909799451 -2.425220638694588
-1.839252011647148 -2.075903277188194
-2.163692496407407 -1.707600234928671
0.5776095425298784 -2.890345861601544
1.058789575709886 -2.793523680880162
-2.320432044961762 -2.172725457926509
-2.644872529617521 -1.80442241564222
0.9020500272848968 -3.258648903744835
1.383230060426315 -3.161826723051251
-2.801612078294154 -2.269547638702585
-2.477171593457919 -2.637850681067311
-3.126052563032986 -1.901244596344024
1.226490512017951 -3.626951945865028
1.707670545106421 -3.530129765137712
1.864410093480329 -3.06500454240647
2.18885057811593 -3.433307584431112
2.345590126466063 -2.968182361783536
0.7453104788495462 -3.723774126614685
2.670030611036418 -3.336485403722125
2.826770159378072 -2.871360181139766
-3.282792111688177 -2.366369819465569
-3.60723259657678 -1.998066777093755
-3.450493047705764 -1.532941554003016
-3.931673081412305 -1.629763734734903
-3.774933532678157 -1.164638511680558
-4.256113566263771 -1.261460692400552
-4.099374017818079 -0.7963354693299727
1.069750963619548 -4.092077168744874
0.5885709304305385 -4.188899349519362
3.151210643884302 -3.239663223043287
3.307950192201775 -2.774538000519122
-4.580554051136948 -0.8931576500786826
-4.423814502407296 -0.4280324269138629
-3.763972145139586 -2.463192000214828
2.99447109562308 -3.704788445429086
0.9130114152392699 -4.557202391667449
0.4318313820565802 -4.654024572453091
3.632390676699635 -3.142841042386602
3.789130224990096 -2.677715819863364
-4.904994535833748 -0.5248546078049678
-4.748254987134027 -0.05972938471289116
-4.737293599621838 -1.358282873065181
4.113570709497208 -3.046018861731445
4.270310257781029 -2.580893639195708
0.7562718668560602 -5.022327614579928
0.2750918336549131 -5.119149795341359
-5.2294350205033 -0.156551565607432
-5.072695472064783 0.3085736571783264
-4.591515438799126 0.405395838246458
-4.915955923701083 0.7736988799349138
-4.434775890761073 0.8705210606016454
-4.759216375373386 1.238824102531949
-4.278036342461742 1.335646283181524
-4.602476827087067 1.703949325141206
-4.121296794174691 1.800771505748773
-4.445737278910366 2.16907454772727
-3.964557245958967 2.265896728226434
-4.288997730525526 2.634199770162257
-3.807817697620965 2.731021950549986
-4.132258182249254 3.099324992640554
-3.651078149254517 3.196147173043567
-3.975518634160619 3.564450215275973
-3.494338601087835 3.661272395800446
-3.169898116312223 3.292969353501548
-3.013158568012879 3.758094576288931
-3.337599052828815 4.126397618494386
-2.856419019717546 4.223219799107553
-2.531978534983716 3.85491675690952
-2.375238986615014 4.320041979753436
-5.083656860209282 1.607127144591044
-2.699679471332019 4.688345021879776
-2.21849943823349 4.785167202578012
-1.894058953510478 4.416864160457049
-1.737319405096537 4.881989383299466
4.594750742272429 -2.949196681060535
4.751490290597265 -2.484071458535111
4.42704980608151 -2.115768416638791
4.908229838942245 -2.018946235987223
4.438011193967702 -3.414321903536055
4.58378935425959 -1.650643193990719
5.064969387292725 -1.553821013388479
-1.412878920390452 4.513686341170309
-1.256139371960014 4.97881156401178
-4.613438215311101 3.002502812105411
-5.553875505187225 0.2117514764828607
-5.710615053670056 -0.2533737463087029
0.5995323182073788 -5.487452837530123
0.1183522848684485 -5.584275018235594
1.080712351641885 -5.390630656733876
-1.580579856614517 5.347114606115847
-1.099399823463588 5.443936786832798
-0.7749593388215639 5.075633744707529
-0.6182197903712781 5.540758967507941
4.74052890257278 -1.185517971335434
5.221708935703296 -1.088695790739714
-0.2937793057133275 5.172455925394785
-0.1370397572555091 5.637581148176175
5.38940987182388 -1.922124055371725
-0.206088199465159 -5.215971976133378
-0.3628277479921884 -5.68109719892644
-0.6872682326276789 -5.312794156911483
-0.8440077809967359 -5.777919379549136
-1.168448265630904 -5.409616337654862
-1.325187814148359 -5.874741560210628
-1.649628298684864 -5.506438518370839
4.919191226688717 -3.317499722911787
4.7624516784181 -3.782624945309097
0.9239728026548121 -5.855755879632055
1.405152836358584 -5.758933698918398
2.983509707578823 -2.406234958513783
4.897268451102487 -0.7203927487084654
5.378448484164274 -0.6235705680290026
0.1874007273779867 5.269278106077961
0.3441402758291758 5.734403328828568
-0.9426602749298497 5.909062009604675
-6.035055538348229 0.1149292958312657
-6.191795086818313 -0.3501959270023233
-1.806367847186666 -5.971563741025214
-2.130808331717524 -5.603260699118406
-0.5195672970427977 -6.146222421672502
-3.640116761385907 1.897593686376452
4.416088417662537 -0.8172149289701023
0.03066117913770976 4.804152883449619
-3.618193984012206 -0.6995132887141484
5.054007999506528 -0.2552675258468411
5.535188032608702 -0.1584453452217546
5.859628517274448 -0.5267483873684944
6.016368065728749 -0.06162316453546252
5.691927581048072 0.3066798776394764
6.173107614214571 0.4035020583418897
0.6685807608848823 5.366100287242125
0.82532030886261 5.831225509644279
0.5008798242700482 6.199528551561183
0.9820598572508055 6.296350732182042
1.306500341914182 5.928047690544215
6.340808550392047 -0.4299262067061734
1.463239890209303 6.393172912824079
1.248413287608821 -6.224058921803679
1.729593321190725 -6.127236741131837
-2.287547880093372 -6.068385921792781
-2.611988364728067 -5.700082879833638
5.243631711058291 -3.685802764730106
5.086892162810197 -4.150927987049537
1.787680374880896 6.024869871007505
5.8486671294657 0.7718051005674513
6.329847162725599 0.8686272812659276
-6.516235571530514 0.01810711518432949
-6.672975120012894 -0.4470181077040923
-1.963107395946964 -6.436688964076636
0.8910886394520232 -1.960095415802391
1.944419923117249 6.489995093389536
0.6576193727993349 6.664653774303078
-2.768727913513408 -6.165208102707009
-3.093168397773782 -5.796905060455456
2.26886040775444 6.121692051602303
-1.011708717540989 -4.944491115035222
6.00540667795633 1.236930323540537
6.48658671124085 1.333752504264713
-2.93642884967413 -5.33177983783673
-3.417608882630277 -5.428602018429155
6.811027196041389 0.9654494619392959
1.572853772741362 -6.59236196410819
2.054033806072062 -6.495539783358064
5.568072195391355 -4.054105806476598
5.41133264712817 -4.51923102873909
4.930152614599598 -4.616053209326706
-3.574348431018394 -5.89372724147831
-3.898788915914061 -5.525424199399378
2.425599955952873 6.586817273961334
2.210773354501959 -6.030414560409451
2.535213839313943 -6.398717602581476
-6.997415604705488 -0.07871506546226116
-6.840676056238828 0.3864101573529555
6.967766744577667 1.430574684952752
6.643326259742894 1.798877727263347
2.750040440562022 6.218514232208666
2.112120860764425 5.656566829429036
5.524226644707189 1.140108142809414
2.691953387645497 -5.933592379453643
3.016393872382988 -6.30189542117249
-3.742049367418031 -5.060298976256655
-4.223229400619748 -5.15712115699349
-7.154155153266356 -0.5438402883957613
-6.829714668492306 -0.9121433307160973
-2.006952947899197 -1.24247501189907
5.724811743626637 -3.588980584198827
1.091673738874107 -6.689184144666695
5.254593099451849 -4.984356251620839
-4.379968949543248 -5.622246380637137
-4.704409434002185 -5.253943337954041
-4.547669885503182 -4.788818114717438
-5.028849918876198 -4.88564029558894
-4.872110370436527 -4.420515072406007
-5.353290403850247 -4.517337253282208
-5.196550855425392 -4.052212030087571
-5.677730888876089 -4.149034210972121
-5.520991340448171 -3.683908987765672
-6.002171373906135 -3.780731168650328
-5.845431825474973 -3.315605945441709
-6.326611858935241 -3.412428126325619
2.101159471625604 6.955120316412345
1.897294257627132 -6.960665006280666
6.049252227920077 -3.957283626186097
6.20599177615564 -3.492158403733264
2.906779988742329 6.683639454513615
-7.310894701863655 -1.008965511446729
3.231220473100945 6.315336412884927
7.292207229420773 1.062271642612916
7.124506293076182 1.895699908013253
6.800065808240474 2.264002950299818
-7.321856089354521 0.2895879767508318
-7.165116540891306 0.7547131994934322
-5.834470437463851 -4.614159434395463
4.773413066428772 -5.081178431631077
5.09785355223107 -5.449481475103132
2.032111029769808 -3.898432807138672
-1.569618468805356 4.048561118331174
6.318885774940401 2.167180769583136
-1.033631493598334 -2.347384138794697
-0.4176346875347945 0.8116702410333652
-0.8988147206452424 0.7148480603227201
-0.7420751722424579 1.179973283136916
-1.223255205328595 1.083151102434406
-1.066515657085928 1.548276325283332
-1.547695690354208 1.451454144433934
-1.704435238453242 0.9863289217350133
0.2641304456072947 -3.820596307530934
-3.439531660237555 -2.831495042586356
-0.5853356238733856 1.645098505955037
-2.542939922938361 5.153470244695986
-3.024119956045438 5.056648063973256
-2.867380407665114 5.521773286787127
-3.348560440747616 5.424951106047076
-3.191820892377964 5.890076328866102
-3.673000925449497 5.793254148128799
-3.516261377088697 6.258379370934469
-3.035081343962078 6.355201551682697
-3.997441410161651 6.161557190205853
-4.154180958499108 5.696431967439296
-4.478621443265178 6.064735009524355
-4.635360991443864 5.599609786602111
2.859654324094159 -6.767020644610056
3.340834357182403 -6.670198463438433
-3.953595857500319 0.9673432414517378
-0.9097761087279477 2.013401548095757
-0.4285960754898578 2.110223728765986
3.074480926011187 5.850211190887305
6.475625323437271 2.632305992565599
-6.986454217000629 -1.377268553842762
-1.97406878367606 -5.138135476531927
6.95680535671553 2.729128173307059
-5.185589467542027 -5.350765519077505
-3.359521828735294 6.723504593811796
-2.87834179552273 6.820326774567429
5.735773132122508 -4.887534071659951
-6.483351407370229 -3.877553349541367
-6.807791892411037 -3.509250307209091
3.38796002145196 6.780461635050985
3.712400505744184 6.412158593486692
-7.467634250476461 -1.474090734582498
6.53043226042986 -3.860461445667409
6.687171808641271 -3.395336223222343
-7.635335186552677 -0.6406624690631707
-7.646296573943798 0.6578910188885487
-7.489557025445105 1.123016241543134
-7.008376992525045 1.219838422134295
-7.33281747711422 1.588141464134279
-6.851637444079199 1.6849636446982
-7.17607792871213 2.053266686607802
-6.694897895759928 2.150088867169652
-7.019338380354502 2.518391908997931
-6.538158347614514 2.61521408953443
-6.862598832037738 2.983517131298064
-6.381418799336463 3.080339311797974
-6.705859283721866 3.448642353524042
-6.224679250996616 3.545464534061538
-6.549119735418975 3.913767575706278
-6.067939702847696 4.010589756207223
-6.392380187039089 4.37889279780056
-4.95980147608218 5.967912828712532
3.063519537140377 7.148764677241289
-4.32188189515359 6.529860232387318
6.632364871919204 3.09743121553519
7.113544905157644 3.194253396274832
-0.7530365607378677 2.478526770818418
-0.2718565271654971 2.575348951563375
-1.234216594546383 2.381704589763855
-1.055554269067218 0.2497228375008154
4.448972582000989 -4.712875389943135
5.994445290167594 2.53548381183426
-6.169872310499358 -2.947302903120867
-6.505274183669497 -1.280446372888753
-5.688692277054177 -2.850480722237458
-4.390930337016519 -4.323692891555999
3.184094808882154 -7.135323686750503
3.665274842040012 -7.038501505964907
-7.500518413505856 2.421569728535071
7.43798538997726 2.825950354067999
3.869140054122371 6.877283815567926
4.193580538211338 6.508980774707411
-3.202782280376415 7.18862981677438
-2.721602247113962 7.285451997548995
-2.397161762252672 6.917148955309898
-2.240422213792618 7.382274178348029
-7.187039316819943 3.351820173030836
-2.028875723293784 1.354631963645233
-2.185615271488611 0.8895067410300703
-5.911200154610933 4.475714978318064
-6.235640638753372 4.844018019929675
4.292233034114236 -5.178000612720504
2.36751290290199 -5.565289337472905
-5.03981130716214 -3.587086807030032
-7.813997510099219 1.491319283626086
7.011612293293975 -3.763639265739786
7.168351841976385 -3.298514043046954
6.843911357016684 -2.930211001027104
7.32509139036823 -2.833388820750268
7.000650905394345 -2.465085778771835
7.481830937986456 -2.368263598199806
7.157390453573886 -1.999960556377026
7.63857048622246 -1.903138375779313
6.854872745406983 -4.228764488701369
6.789104421265649 3.562556439253524
4.03684099234647 6.043855553726639
3.822014390333659 -6.573376282708203
4.146454875158809 -6.941679325172617
-0.596297012918799 2.943651993342634
-0.1151169788812256 3.040474174328339
-6.056978314500185 2.712036270144716
-4.31092050688564 5.231306744774974
-5.586759670141399 4.107411936893909
-6.527196959256882 1.316660602704896
0.3989472180138752 -0.7583641084867634
2.021149641791218 -2.599879319835566
0.1764393396874527 6.567831593611182
0.3331788882554416 7.032956816443956
-0.1480011449744182 6.936134635724611
0.00873840356871565 7.401259858599552
0.4899184369248716 7.498082039549733
-0.4724416296984139 7.304437677893015
-0.3157020811276697 7.76956290088539
0.2093235059818061 2.672171132277456
0.3660630543823964 3.137296355095155
7.135467680819781 0.597146419617706
7.616647714251657 0.6939686002550262
7.459908165660153 0.2288433772429979
7.773387262822329 1.159093823351412
7.941088199078978 0.3256655578939516
7.784348650280487 -0.1394596650500772
4.102609321002523 -1.747465374357731
-7.143193765534898 -1.84239377694401
-7.624373799092556 -1.939215957772525
-7.94881428405419 -1.570912915270716
3.967792549329168 -4.809697570535806
-0.7968821144155772 7.672740720158302
-0.9536216628986928 7.207615497190737
7.314130001921638 -1.534835333942578
7.795310034587908 -1.438013153477145
6.832949969663128 -1.631657514347307
-1.088438435611613 4.14538329923984
-6.964531440853381 -3.974375530447618
-7.288971925898257 -3.606072488150091
-6.873560220089805 4.282070617186648
7.27028445373939 3.659378619338629
-0.6401425659092361 8.137865943207256
-0.1589625325181379 8.234688123906817
-1.117524135341506 8.022166425552415
-3.046042731970168 7.653755039777249
-3.527222765253234 7.556932858973632
8.26552868363795 -0.04263748438852655
-8.105553832712436 -2.036038138539231
4.350320086633156 6.974105996573842
4.674760570693823 6.605802955450134
8.119750518973904 -1.806316195244159
8.276490067374585 -1.341190972927665
7.806271423616149 -2.736566641010881
8.422268232494481 0.4224877386004234
6.945843969891708 4.027681662317255
-2.510055756837111 1.257809783117108
-2.353316209804757 1.722935005484294
-2.666795304608812 0.7926845603548328
-2.342354819849327 0.424381518278769
-5.75446060622167 4.940840200901639
-6.078901090572138 5.309143242146062
4.303194423512609 -6.476554102363086
4.627634908233255 -6.844857144425006
-2.823534852892721 0.3275593375953366
3.811053001360231 -5.274822793562224
3.486612516575854 -4.906519751203335
5.881551291929253 -3.123855361959748
0.690503539117086 2.768993313007354
0.8472430875270268 3.234118535830872
6.307924389938812 3.46573426019673
0.5228026028582917 3.602421577686833
1.003982635922044 3.699243758601471
1.328423120613972 3.330940716552359
1.485162668989807 3.796065939355611
1.160722184310867 4.164368981421877
1.641902217376121 4.261191162150815
1.966342702041501 3.892888120083809
2.123082250426134 4.35801334284972
-2.49909436825049 -0.04074370451762931
-6.01313276200846 -2.482177679948089
-7.78111334771542 -2.404341180994329
-5.531952728630957 -2.385355499048996
-3.920711693464587 -2.928317223408611
-3.596271208726468 -3.296620265693959
-4.245152178094725 -2.560014180646939
3.508535293693251 -7.50362672897554
3.027355260496217 -7.600448909785685
4.025879602244999 7.342409039022975
7.492792327500162 -3.666817087203795
-6.560081122845627 5.212321061557898
-8.42999431773325 -1.667735095968377
4.831500119217226 7.070928177185019
5.155940603355869 6.70262513488089
-7.438098403470367 -4.073763191014224
-7.120002144350814 -4.439928333857086
-6.40334157463481 5.677446283579181
7.427024002225455 4.124503842290191
4.470895359965247 -7.309982367256634
7.751464486851436 3.756200799993007
-7.770151959422622 -3.702894668982064
-0.4755561539806337 8.578593199906106
0.002236050842574833 8.694685108447368
7.102583503259888 4.492807957653352
4.999201055854785 6.237499914792694
4.784374456562228 -6.37973192170506
5.108814941189015 -6.748034963643091
5.265554489436696 -6.282909741025012
7.470869550891711 -1.069710111301241
-2.9912357904478 1.160987602527447
1.317461732712327 4.629494204197159
-1.24517798398709 3.680258076274111
-0.4395574649139371 3.408777216053311
-5.922161542392172 5.7742684641327
-4.792100539715332 5.134484563944175
-4.467660055253464 4.766181522228093
-5.878315989870595 0.5800545185824306
0.3229606732590518 8.330655598197229
1.561892384901542 -5.293808475990375
-3.505299989214061 4.959825883342143
5.837705741678495 2.070358588856839
5.513265256941016 2.438661631064336
5.356525708458496 1.973536408167571
5.03208522374595 2.341839450351712
4.875345675268272 1.876714227534139
4.550905190568175 2.245017269709907
4.394165642104245 1.779892046866956
5.670004805615568 2.903786852757836
-1.726358017218438 3.583435895504977
-3.115091175344274 -3.199798084909592
-3.271830723867592 -3.664923307985499
-2.790650690511079 -3.568101127217072
-2.947390239013874 -4.033226350246471
-2.466210205729516 -3.936404169512228
-2.309470657199661 -3.471278946515933
-1.985030172460102 -3.839581988791123
-1.828290623961432 -3.37445676585349
-1.503850139217052 -3.742759808083966
-1.34711059073337 -3.277634585158471
-1.022670105987808 -3.64593762737875
-0.8659305575072974 -3.180812404462085
4.718606126788788 1.411589004704018
4.23742609364262 1.314766824031675
4.561866578374429 0.9464637818203105
4.080686545328743 0.8496416011572357
3.756246060544004 1.217944643352378
3.599506512100897 0.7528194205534586
3.923946996961492 0.384516378332023
3.442766963661134 0.2876941977632215
3.118326478984993 0.6559972399058009
2.961586930537525 0.1908720171226756
3.286027415168642 -0.1774310249957468
2.80484738208744 -0.2742532056465287
3.129287866725363 -0.642556247745367
2.648107833654538 -0.7393784284021475
2.32366734900482 -0.371075386299849
2.166927800560678 -0.8362006090772987
2.491368285241402 -1.204503651155734
1.842487315941167 -0.467897566966272
1.68574776746468 -0.933022789747135
2.637146446070463 0.5591750591855364
1.394191448583714 -4.46038021094129
0.5337639907410914 2.303868090199223
2.447522735077617 3.989710300825813
2.604262283454913 4.454835523562974
-0.8878533328982795 -0.5837054275678741
-0.1041555907525764 1.741920686679395
-2.386200374501104 5.618595467488931
0.09642950924180704 -2.987168042465989
-8.273254768734576 -1.202609872776983
-7.803036122463137 0.1927657961589078
-8.127476607080936 0.5610688383212945
-8.284216155638333 0.09594361548593551
-2.017914335234327 0.05607847616369949
3.643352064859283 -4.441394528658206
-5.867354602147273 -0.7184989690645669
6.519470872902343 -2.561907959196736
-7.13223237741151 -3.140947265053141
-5.856393213552726 -2.017052456838365
1.999226864576066 -0.002772344244999956
-6.494312795371581 -2.578999860929482
-1.915981728988348 7.013971136024147
-2.072721277419129 6.548845913086532
-1.591541244251139 6.645668093790676
-1.660589687632418 -4.207885030950171
6.184069001851711 -0.8950514294598555
3.162172032007121 -4.538216709195441
-2.622949754113114 -4.401529392400183
1.36130728293813 -0.5647197476506781
1.204567734861765 -1.029844970443801
7.30316861721151 -0.2362818458502229
-3.428570271987915 -4.130048530963975
-4.077451241580681 -3.393442446425079
-5.207512243800558 -2.753658541295265
-5.05077269539454 -2.288533318203153
1.529008219533761 -1.398148012670961
-8.262293381364046 -2.501163361837722
3.351254178914149 -7.96606051355
2.870525450928812 -8.065125559752106
2.546160183652369 -7.697196328399516
2.389418127822573 -8.162309091132688
2.064989761364073 -7.794066273923342
1.908251814570554 -8.259199457873574
1.583813616326042 -7.890907779799903
1.427074715798745 -8.356036223874739
1.102634719899836 -7.987735612281768
0.9458953608658749 -8.45286177753076
0.6214549889371996 -8.084559297201551
0.4647154908053464 -8.549684771168515
0.1402750330523088 -8.18138186415414
0.2970145861352987 -7.716256663522147
-0.1841654336846536 -7.813078912510009
-0.3409049799034293 -8.278204146948655
-0.6653454613729706 -7.909901121691361
-0.8220850088865321 -8.375026349365008
-1.146525492930742 -8.006723310739275
-0.9897859444070393 -7.541598088464964
-1.470965977240107 -7.638420270732039
-1.627705525577174 -8.103545493749607
-1.952146010145281 -7.735242452141791
-0.02742588220726481 -7.347953704555438
-2.108885558460902 -8.200367674911652
-2.43332604302508 -7.83206463306009
-2.590065591327497 -8.297189855666263
-2.91450607587929 -7.92888681380188
-2.757766527576612 -7.463761591225653
-3.238946560442141 -7.560583771936933
-3.082207012112106 -7.095458549428313
-3.563387044941764 -7.192280730149129
-3.720126593306125 -7.657405952640211
-4.044567077823092 -7.28910291078021
-3.887827529099828 -6.823977688100216
-4.369007562370097 -6.920799868885622
-1.314226428794206 -7.173295048346263
-0.8330463956602668 -7.07647286748944
3.83234395108266 -7.868789759600448
-8.608656640305053 0.4642466577409678
-8.45191709169991 0.929371880515853
-4.525747110659395 -7.385925091479661
-4.850187595259506 -7.017622049616167
-4.693448046974344 -6.552496826937864
-5.174628079971483 -6.649319007718135
5.582783631042582 -6.648782678959848
5.745532631678941 -6.18568254311243
-3.368926018225552 8.014319226299508
-2.891988051768235 8.114996711747134
-3.852928824471907 7.922823098598902
-4.008613727588841 7.459708544412685
-6.236452000515426 6.139151113836492
-5.76373032328712 6.238823620925404
8.736733954784402 0.04539786465314161
8.588306707291668 -0.412404998742399
-1.802605232769236 -8.58465687123606
-8.755649930669794 0.007706975452459523
8.872836155244768 0.4839857464263987
8.573019208482568 0.8809446284002733
8.588657901918216 -1.705358333603782
8.43917695777637 -2.172929586294787
8.749888441470423 -1.239009500214112
-0.5003875278374997 -8.729697405409629
-0.9844749588251125 -8.827719166268537
5.480381087757473 6.334322093839296
6.621403797486534 4.395986331338438
4.459933971613059 -6.011428879129722
-2.601026978866893 -6.99863636845796
-4.948840088292087 4.669359341231091
-4.62439960358581 4.30105629966114
0.8362816996604097 4.532672023500417
4.707644739376356 2.710142492818085
2.793885994916788 1.024300282316023
-2.980274401404864 -0.137565885246459
-3.304714886074322 0.2307371569411046
-2.655833916685769 -0.5058689273658076
3.329872968171665 -5.371644973670944
3.654313453354193 -5.739948016564465
3.610467899771971 -0.5457340671021603
3.453728351344141 -1.010859289829066
-4.143219570670761 4.397878480127131
-5.017888531664759 -6.184193784924872
-5.499068564761949 -6.281015965729365
-5.657022972586337 -6.731354948775879
-5.979306783656332 -6.372995534747718
-5.823352080586595 -5.911905821588102
-6.304295350112655 -6.007037739166622
-6.147857750960528 -5.543859136738012
-6.628605727061903 -5.6403338715141
-6.472287415575388 -5.175865349774629
-6.948244445340035 -5.268139684820015
0.453754151788112 -7.25113152613513
0.1293136712831742 -6.882828505907346
-1.67155107547063 -2.909331542879004
2.928702768108026 4.086532481542456
3.08544231646425 4.551657704273861
2.761001831623523 4.919960746111673
3.242181864580213 5.016782926784925
3.566622349445663 4.648479884998133
3.72336189834755 5.113605108510356
-0.5414900726692675 -3.549115446557878
-0.6982296211696541 -4.014240669506775
1.014944023873114 2.400690270952636
-1.157486880155381 -6.708169825759398
2.290783186761702 3.524585078093401
-0.3047406934218775 6.471009412944818
4.281271645733005 -3.879447125959675
-1.748280792723551 6.18054287101365
1.259374350083969 -7.522610794322664
-1.401917532550693 3.215132853654334
-1.883097565610762 3.118310672732913
-1.759242180540851 7.47909635903533
-2.096028733504645 7.852792557755901
4.069725157511696 2.148195089311817
-8.439331327910759 -0.3677506839820597
-7.930043877397094 -2.862587390031373
6.665249034601848 -0.7982292490130011
5.622564765602883 6.786624957118541
0.4835261875653183 8.777239916802841
0.8042829190843254 8.424957432411917
0.9737344405324817 8.898097328849484
1.284577567044316 8.52515466579592
1.127985582725519 8.059466934400259
1.609042645486535 8.156757872275795
1.452307196091932 7.691617024528041
1.93346741704501 7.78851472714272
2.090203663448454 8.253652536529165
2.414640978676446 7.885361575035464
2.565779549357158 8.345557922231269
2.894885908294795 7.981368401006916
6.031502458535069 -6.541505364871306
6.213869104312829 -6.084612920590221
5.900932846978969 -5.720119425552415
6.381889657252737 -5.623224262585689
7.56159491127351 4.594376640653536
7.24865716168688 4.952483585583991
-8.890947822021804 -0.439990035158501
-7.576814404895776 -4.525771197839445
-8.73991572642894 -1.295361916684944
2.232696130114177 -8.627521536958785
-6.873058672031929 5.56574161951734
-7.038502475443768 5.108803185510743
5.376841731033779 -7.10516707524252
0.789156029370631 -8.91798807956015
-8.439970799287524 -3.041426463580313
3.195056196918027 -8.433877175112892
6.755683113262205 -6.058960689099056
6.86165053278396 -5.533511433549986
6.540235642426829 -5.159894529082647
7.021683414396948 -5.0633715964197
-6.12267305235775 6.684471436116035
-5.60868244584589 6.704518908326532
-3.053332322042561 -8.374284744722544
-3.206932853334229 8.494455547263788
-4.343414908677124 7.854503939037045
-4.491379924151856 7.367569844885406
-4.807197450837474 7.745893569469473
-4.951920814373541 7.263496520785606
-8.958740290116049 0.8263205777152496
-8.776737881811474 1.283282040629622
-2.732563635035795 8.584005485981102
-5.073376849525325 -7.507701498390148
3.075503006032752 8.530059193179051
3.376998633664772 8.079015123442527
9.075441201959656 -0.3190441713850394
2.233524715410519 8.800903164883218
8.899902132259484 -2.106785235429091
0.3079759956983257 -9.014810260415292
0.1398248512453397 9.144656660226993
-4.152402423166563 8.312098256299503
-8.743473415054812 -2.597985542603306
-8.954253941323875 -1.782027247889487
-7.096365881845621 -5.750991949612249
-8.731167454327709 -3.392726709216974
-8.307862527947648 -3.61693921475801
-8.327812646887162 -4.130472244390725
-2.469505989639409 8.971592372698893
-2.023979078836222 8.843954889568636
-1.630808823409608 9.13461390123733
-1.536983710528718 8.681409282610179
-1.145588777825937 8.971682813737999
-0.7506546624672249 9.220292343711291
-1.9207619267136 8.343450338224969
-4.679221175071328 -7.855996989807077
-2.757868928978572 -8.738846784338129
7.318330686274999 -5.475464662992513
7.581459257383276 -5.004880048730077
5.953813689866246 6.424297746727369
6.92653049771728 5.319197669183675
5.166871526695001 5.40404292425213
4.685716740982073 5.307244545011669
5.803266214975784 5.964626309115544
6.296882663768248 4.764211570438416
5.659037072982635 4.202334333975631
5.502302641137334 3.737213951934171
5.021123848258735 3.640392935299751
7.192115776254017 -4.603848918223553
7.660493263586821 -4.50024535318199
7.338186536316783 -4.133072540728536
7.812142363805045 -4.023444930988809
7.97094200797638 -3.563297566640472
6.699925576012362 -4.69536301615307
4.528981199527217 4.842123098120629
4.204540858959429 5.210426277117127
4.361280428524855 5.675551522954617
-2.925467462617572 -6.630333325994584
3.220103636658972 7.61375247661206
3.701413209773592 7.710689177099686
3.908013901857983 8.225314576817402
4.182619150170678 7.807534262329144
4.507059634846895 7.439231220012637
4.988239668130654 7.536053398806436
4.656460233297115 7.901131969905958
2.257900902056409 7.420238365550819
8.94185353512098 -0.7842791025920813
9.229070178367927 -1.181680897196346
6.373991442428843 -4.325832220035897
-5.105579636313547 4.20423411914232
-4.781139151955868 3.835931076780137
8.436229578036258 -0.8762558688805508
-5.440699564530616 5.870995634751379
5.983482641660521 3.834036109373137
-5.273280573215265 5.037662382118919
7.627609100482585 -0.6045848881741872
-4.536708498431604 -6.087371604035136
3.398921412760226 5.481908149539933
-3.137013950044528 -0.6026911081054356
-2.812573465350928 -0.9709941503103635
0.6104937040140133 -6.786006321494606
0.286053219730915 -6.417703282885206
-0.6763068472146134 -6.611347645060047
4.864384289663795 3.175267713503013
-1.55865708069321 2.750007631107975
-2.03983711399266 2.653185450236031
-2.364277598647283 3.021488492025684
-2.521017147055441 2.55636326952843
-1.715396628355342 2.2848824088168
6.217108681914241 -4.791144967043198
0.9930212470055486 4.997797245918337
1.474201280073925 5.094619426514216
-5.991177588116583 -5.079152618912108
-6.315627970679942 -4.710919360726843
-0.9207374988052197 3.311955034848864
-0.2170495877372371 -3.917418488506325
-0.373789136205948 -4.382543711470748
-0.7639979506214949 3.777080257917545
-0.2828179164243194 3.873902438673738
-4.643481553732547 6.898381866485854
-5.123888600506513 6.800882558357545
-5.453389535368487 7.254250373154599
0.9711278462824984 7.594792239519574
1.295538954693034 7.226601178647011
3.934908384414793 -0.9140371093440898
4.091647932952984 -0.4489118866129552
3.778168835936238 -1.379162331893911
3.296988802950365 -1.475984512519091
3.621429287887208 -1.844287554787182
-2.845457631638003 2.924666311356601
-3.002197180160728 2.45954108889449
-2.677756695590941 2.091238047421103
-0.3847505242847957 -3.083990223767012
-8.295240927435128 1.392098289460639
-8.605492086860309 1.755216400218681
-8.136094235357477 1.857958565877951
-8.455611874468939 2.224860393563798
-8.912124586142298 2.140207330047491
-7.980096719048234 2.323959425737084
-8.299774831346397 2.690761890681276
-7.823631260224858 2.789359966743853
-8.145314795576299 3.156764454528342
-7.667317312235739 3.254677298992313
-7.987401321300641 3.612874855399012
-7.510453042963594 3.718332069241516
-7.829544622752349 4.06269042275958
-7.353506516113661 4.180660606834074
-7.670784807464884 4.508294238543616
-7.195935979886915 4.640950197880262
-7.596907587505276 5.018478752616628
4.047802233960013 4.745301925230768
6.821988583504099 -0.3331040260841717
4.572827966343717 -0.3520897062784188
4.72956751499883 0.1130355163787306
-7.029923019187974 3.815882232587232
-3.293753498951029 -1.067816331004738
4.941114004351332 -5.914606698159053
5.421670185180646 -5.817576529881332
5.578506072481124 -5.35248414515683
-7.343589266922368 2.886624075270669
-3.461454434836766 -0.2343880659989891
-3.785894920000337 0.1339149767206891
-3.629155371350639 0.5990401993121877
-0.7091910089829978 -2.715687181359329
3.544669343565378 7.245560136765821
-4.801986155243482 6.432998060406584
-6.71601677067643 4.744509313310964
-7.657257962042402 1.956444506230809
-3.942634468634051 -0.3312102461926323
3.140249254832675 -1.941109735336025
-4.267074953890353 0.0370927961111004
-4.202569623891938 -7.741339871805426
-3.920133275807929 -8.19511612418607
-3.400586434840152 -8.031165590304362
2.582339818116362 7.051941301096573
5.680966193187214 1.605233365743475
-6.359496023055236 0.483232337955764
-6.202756474519967 0.948357560669419
-5.72157644146579 1.045179741285953
-6.046016926136822 1.413482783323115
-6.370457410621357 1.781785825335434
-5.889277377960424 1.878608005925017
-5.564836893214825 1.510304963938988
-5.408097344962315 1.975430186561248
-4.926917311959613 2.072252367150391
-5.251357796646198 2.440555409081869
-5.732537829760352 2.343733228399008
-5.575798281354181 2.808858450809807
-5.09461824844777 2.905680631491401
-5.419058733309445 3.273983673179028
-4.937878700246147 3.370805854021174
-4.456698667148933 3.467628034698283
-5.900238766049369 3.177161492487576
-4.299959118913898 3.932753257414868
-3.8187790859614 4.02957543794655
-5.397135956727023 0.6768766992111788
-5.262319184877231 3.739108895610626
1.215529124032466 -2.328398458171162
3.978753938732181 -6.108251060083731
4.135493487044714 -5.643125837272121
3.497573905380867 -6.205073239832884
-1.795406461805972 -7.270117229585386
0.7781944977087291 -7.619433876791494
1.886332869657808 -5.662111518143055
2.043072418222696 -5.196986295337787
2.524252451284636 -5.100164114000648
2.199811966790437 -4.731861072130472
1.718631933547464 -4.828683253136365
1.875371482055878 -4.363558030293466
2.356551514791754 -4.266735848921577
-4.86114898304198 -5.719068561725965
-4.055528464903019 -5.990549423213032
-3.731087978794034 -6.358852464577911
-2.688718083318459 3.389791534131131
0.566648154364485 -1.591792373661441
7.649026817154507 -3.200575640897361
8.128835763828731 -3.103133756319835
8.283334486956047 -2.638173159324547
8.610699117338861 -3.017473378581304
-3.829740473877354 5.32812892543661
-2.292025096089723 -8.685028679063674
-1.970364902433335 -9.059322861471667
1.765757599930772 8.621976846147712
-5.240396408448564 1.142001921915671
-0.01692167103550972 -8.644235148140076
-0.1534523923784198 -9.104227652126335
-7.970747622617347 1.025794258725926
1.619979438757727 6.858298135734459
-6.766723997143957 6.087813093806713
5.892551306228471 -4.422466554914767
5.702888968847667 -0.9918736101459431
6.027329453487676 -1.360176652227588
5.075930775024746 -2.852374500433456
-3.683997468465408 7.091740613699711
-4.165009405151479 6.995657252475672
0.2422076696152514 -1.223489331308282
-1.303265040818728 -8.471848536500906
-1.466977659947495 -8.945731604094817
-1.122209234240332 -9.273131607600032
0.1656018142659287 7.866242630615256
7.962614824400037 -2.27129994229997
-2.44428742884035 -6.533511144771529
1.138799405687612 6.761475954752453
0.8143638174404654 7.129760333869301
2.279821798825481 4.823138565316686
2.436561346541793 5.288263787776314
1.798641765644427 4.726316384538896
-3.662039537689511 4.494700660668803
2.815808769999034 -1.572806693183531
2.659069222294263 -2.037931916318738
-2.958351626816343 -2.73467286179908
-2.633911141996535 -3.102975904192509
5.367487096378031 0.6749829198635247
6.151184839192625 3.000609034772034
1.776725563378286 7.323398291335899
-2.141769720849033 -4.30470721165057
-2.298509268792751 -4.769832434433387
3.475651128517319 -3.607966264775748
4.248387481690703 0.01621333603762437
-3.180859504471231 4.59152284124432
0.0635453455990721 0.9084924217688652
-1.179409654381594 -4.111062850212292
-1.336149202476255 -4.576188072979697
-2.050798501908284 3.951738937604714
4.405127030294541 0.4813385587502311
4.226464706124162 2.613320312362824
-4.770177763633429 2.537377589619766
3.912985608988973 1.6830698662246
3.43180557615957 1.586247685562258
3.58854512455031 2.051372908556876
1.550930996858886 -3.995254988020173
2.513291062755505 -3.801610626187323
-1.39095614246261 1.916579367011765
-3.104129786926649 -4.498351573074233
-2.553901310716536 6.4520237323866
-9.10159846007361 0.3728884806908091
-9.2404917363978 1.212277110879824
6.162146226457698 1.702055546542008
0.2202848939842239 1.373617644596107
0.7014649271282052 1.470439825322971
1.539969608807207 -2.696701500325428
1.696709156683931 -2.231576277717128
-2.207538050281157 3.486613714818156
-3.326637664732623 2.827844130996413
-1.379994753739779 0.6180258796396818
0.7672332535791822 -6.320881101853389
-4.715370822081594 -3.955389849289883
-1.995991560171378 -2.541028500359627
-0.5524514603659137 -2.250561958059819
2.010188252253599 -1.301325831841064
2.334628737239462 -1.669628874115736
-5.666722642647537 -5.447339385944099
-5.375213180293409 -1.920230275924881
-5.699653665414917 -1.551927233841772
-0.7311137843680728 -0.1185802046757286
-1.044592881377984 -1.048830650515741
-1.369033366113257 -0.6805276082996932
-1.212293817600898 -0.2154023853740898
-1.525772914632174 -1.145652831227352
-5.364251792011063 -3.218783764562067
-4.883071759124972 -3.121961584058076
3.767207448367821 -0.08060884442966554
3.956831161277604 -3.5111440841428
-6.683936507788984 0.8515353800626743
-1.514811526915073 -2.444206319653701
-3.753010756722893 -3.761745488659309
3.40988280035689 4.183354661414517
-0.9316988872845913 4.610508522085393
-6.662013731974662 -1.745571595872913
1.237451900128322 -4.925505433841547
2.73889846349056 7.51690446609052
0.5118412129507367 4.900975064563811
0.3551016645881077 4.435849841631658
1.171683572232852 2.865815493757855
1.652863605331499 2.962637674528742
0.6795421509549633 4.067546800243724
0.05258395760775242 2.207045909483137
-6.795710578349312 -4.807026213261377
5.232670323427574 -2.3872492779034
5.713850356176722 -2.290427097437145
5.870589904597351 -1.825301874903622
5.557110807693876 -2.755552320028603
5.5461494202921 -1.456998832796178
0.04162256923521106 3.505599396742911
-0.26089513914037 1.276795463861258
5.199786159963621 1.508411185338551
-4.088412629791886 -2.09488895766428
4.946061907151634 -7.211473857373962
4.79533584482937 -7.678285409215944
2.615223671479884 3.156282036030291
-6.651052343878895 -3.044125084070024
1.831525929233729 0.8306559211002955
3.275066027708426 1.121122462868559
0.5556867663913284 -0.2932388858009182
-0.2280109757933951 -2.618865000461809
-1.850213399220865 -0.7773497889228931
-0.4505188539669372 4.707330702981595
2.97254831833465 -1.10768147046539
-7.267230838291198 -4.897411409598151
-7.70925503154335 -4.99440119210078
-4.066489852133987 -4.691995933832641
-0.3518663628717874 -6.979650682841234
1.339384508633994 2.032387228898924
7.85667250243438 4.239009834298878
8.236377978834023 3.920085531961708
8.053221784716076 3.406928396174921
5.043046611627432 1.043285962221367
-0.0493486511113654 -4.75084675327156
-7.299933314074398 -2.307519000096112
2.46944551106918 1.392603325268567
3.891062813117465 4.280176822708835
4.308755337692068 -7.748268695939272
2.480406897527063 0.09404983644247733
1.193606347726911 0.2687085176242406
-2.061759889790898 5.250292425388017
-1.190371042201284 -2.812509362051215
-6.158907172349484 -4.245846016176364
-3.84068556412602 6.626783208919137
-3.147975338429975 0.6958623798490777
-5.061734084256591 -0.9899798305988545
1.809603153680664 3.427762897321637
0.4208699940909796 -3.35547108452285
-5.51001674308274 -4.982399084533387
7.590944407273813 3.294247350107862
4.259348869308076 -1.282340151648665
2.378474290899501 -6.86384282545786
-6.639688452325527 -4.342608134001775
6.497548098891625 0.0351990161289162
6.654287647449434 0.5003242390104771
1.977304090118265 2.594334632494467
7.281245841546612 2.360825131055025
7.762425874882853 2.457647311822782
2.502329674536449 -2.503057139220291
0.3770244423735695 1.838742867398821
-3.796856309587096 1.432468463941054
-3.315676276750374 1.529290644556722
3.988709943272008 -7.401808063818237
4.199594256014024 -8.238956012413217
5.400371259336919 -3.220677542377088
5.290799432032941 7.167713566583203
7.448946777947436 1.527396865696707
7.930126811398708 1.624219046505686
3.945869773245256 -2.212590597290577
0.8582044755045217 1.93556504814131
-1.861174786809933 0.5212036989594038
-4.412853114702113 -1.7265859153362
-3.986480022323152 4.863003702798508
-2.276586494703466 -7.366939410501756
6.9787281322561 0.1320211966776171
-8.577599833139399 -2.141269518938629
-0.5086059133673302 -7.444775896258741
-0.6291811781306944 6.839312455064711
0.01969979122699305 6.102706370900506
-4.212268013428821 -6.455674645958297
0.646979545423699 7.962366145782326
0.1073908971733104 -4.28572153045867
-5.358776142235014 -7.069795433643002
2.702912268428337 -7.232133407218598
1.496124056993443 2.497512451717074
1.265452750187066 -8.796897155763782
6.362731324489932 -3.027033181527949
-7.792074735229737 -1.105787692169136
-2.71064085918995 5.986898509580895
-2.570312256063907 7.74823507965684
-7.478595637884461 -0.1755372460973849
6.195030388902639 -2.193604916852919
1.746302242352253 -8.698432273533445
1.584910744136816 -9.160612995284941
-0.461480241889593 6.00588419022823
4.605712130205429 -4.247750167646618
7.605686326439927 1.992522088779058
-1.016919616021407 8.502725474693754
2.134043638432326 3.05945985527812
8.096829652220961 0.7896793921093083
-2.152731108709592 -3.006153723477979
3.464689740500044 -2.309412778030427
-5.386174568977627 -0.621676788381754
-1.693473850661427 -0.3122245660159684
2.155966413393038 0.4623528785356162
-1.536734302185597 0.1529006568122571
-6.348534635297928 -0.8153211498755245
-5.342329016410499 -5.815890742889295
0.9349341111360002 -7.154308975072345
-0.06031003913029302 -3.45229326541903
-2.229460825985275 6.083720690284412
2.711298713620816 -8.517890127355962
-6.213717862995835 2.24691104781096
7.914754803574543 2.926472936738421
8.242870804920047 2.555086226300002
2.771963219787086 3.621407258805954
8.086743842634156 2.089447058525778
8.411286425296826 1.721058358778113
5.210747548033654 0.2098576968397252
-1.905020341259234 5.715417648203933
3.253143251797348 3.718229438410819
3.005432483836626 -5.003341931980518
2.848692935763972 -5.46846715569188
1.416114156582175 -7.057486852259517
5.188824772825429 2.806964671761199
8.253399448343533 1.254622239014827
-0.7859207264806586 6.374187232338
1.853448704095097 -1.766451054597773
4.124532097563105 -4.344572348201785
1.518046831846834 -0.09959452486288756
-2.174653883719315 -0.4090467466780819
8.450287681993133 3.069729470465733
8.753648981752828 2.612220883658003
8.753635254418857 3.376649738286031
8.559127708029507 2.176510703793945
8.944201304571576 1.804135757853235
8.735747329839807 1.352738184944173
-7.959504941691039 -0.2721209395620818
-1.267100759541367 6.277365051736364
4.383204253868155 3.078445533231238
2.221730911833648 -7.328949011731088
-1.423840308088685 5.812239828917876
-2.488132980908776 -1.339297192567521
-5.743499218036959 3.642286714739984
-7.604301889089631 -3.229743929721737
-3.249907946715685 -6.262030283861463
3.800091613119892 -3.976269306474377
6.508509485785074 -1.263354472040332
-6.975492828970248 -2.675822042040642
-5.430020121904358 4.572537159328411
-6.337573246974499 -2.113874637901347
4.886307063284486 0.5781607393123147
-6.024094150417146 -1.183624191902607
-6.180833698667241 -1.648749414874292
6.038290840349127 -2.658730139500517
1.74055284230284 -7.425780953052863
-0.8549691693761182 -4.479365892256052
-1.110361211186164 6.742490274446774
-2.969313014162147 -1.436119373284245
-1.434801695876726 7.110793316633989
-7.455938813425595 -2.771997594507362
-0.5305286844341102 -4.847668934254111
-2.331393432297475 -0.874171969623956
-1.492888750624911 -5.041313295689357
3.318911580220455 -4.073091487002372
-3.483377213132684 2.362718908629324
-1.277429070234374 7.572772316748016
-1.817329235675238 -4.673010253705851
-2.119846946036121 -6.901814187875801
-3.472415824011033 1.064165421939704
-6.818753280452877 -2.21069681897198
-1.598993057931382 7.927726796740531
7.146429067507526 -0.7014070685774574
-3.406647496136399 -6.727155507477498
-2.455248816782327 -5.234957657119139
-5.597674066841341 5.405949588175259
-3.158936728659932 1.994415866879623
-8.116199368830749 -0.7372064146028254
-5.542914117331312 -1.086802011100978
-1.638666913010991 -6.80499200692965
6.67621042127745 -2.096782736978356
-2.779689301819836 -4.866654615130502
-1.481927363064878 -6.339866782914117
-3.260869334696406 -4.963476795780323
-1.00074733016205 -6.243044602298283
4.616673519105921 -5.546303655059689
-5.218473632461198 -1.45510505330134
2.837731547480415 -4.169913667721158
-0.1951268133396731 -6.514525463194939
-0.03838726419714517 -6.049400240925463
-5.116486201971433 5.502769130717395
3.173133420449863 -5.836770197731051
0.4427927687921964 -5.952578060470049
-8.58935530323822 -0.828656730542044
6.351769937285553 -1.728479694558354
-4.894033147543255 -1.823408095589074
6.059074338862734 -5.255733566846787
2.17788918944007 -2.134754096967538
1.372268671824219 -1.863273235775267
1.036866799140892 -0.1964167054769318
3.745284673196177 2.516498131760368
-4.110335405383641 0.5022180187406364
3.107365092030545 1.954550728306065
1.674786380550297 0.3655306981759079
2.950625543543685 1.48942550536502
-0.6072584020431973 4.242205480391775
2.312705962119059 0.9274781018138165
-4.569592662671636 -2.191711137827611
0.8801272506295937 -0.6615419283238464
1.047828187014921 -1.494970193118344
5.826743939859125 3.368911683184353
0.7233877024166484 -1.126667150890413
-4.726332210832981 -2.656836361090083
6.989689518395155 -1.166532291536986
7.952549577540194 -0.9729196169628538
-3.585309819688394 -4.595173753858061
-2.834496243015152 1.626112824997716
2.680991999365165 -4.635038890658302
-4.401891726272877 -3.025139403750706
-3.909750304607275 -4.226870711593272
-4.558631274416344 -3.49026462675599
-2.196576661750831 2.188060227860595
-4.234190789524941 -3.858567669229651
-1.872136176003588 1.81975718620877
8.109095382878191 -0.5080437536997657
1.149760794006466 5.46292246833938
1.630940827682079 5.559744648673187
-5.283131427582633 6.336021935246661
1.955381313255355 5.191441607041389
2.593300893316834 5.753389010104779
0.1983621177541475 3.970724619020674
-1.077477046708695 2.846829812256014
2.917741379013481 5.385085967984441
-0.126078368350228 4.33902766145254
3.55566095856579 5.947033371770544
5.32334691436735 5.868931375025474
3.880101091584053 5.578729997269869
4.518020849704937 6.140677569509498
6.140203555125645 4.299143885237132
5.345564049559997 3.272089634740054
6.464660462561477 3.930856447952703
4.842406252688166 5.772324641924347
6.775838720604616 4.859586554564896
-8.617630167609413 3.068472723128577
-9.104073677832817 -0.8979843509482018
-6.783211586898092 -6.104016250953975
6.09843279077435 6.861293050563891
1.451089859937418 9.005034616799712
-5.52755348684304 -7.811714244513916
9.096360479121968 0.9219339617358343
-6.457502151922946 -6.480257399074588
5.507672417987688 7.701122620471876
8.447430933987704 -3.470570725982139
-6.13276584153679 -6.822302645745126
-8.459653655365189 3.517835568465532
7.691146233953867 5.054676061777656
3.664294174351408 -8.365901830915716
8.759319802102898 -2.567272689317952
-0.3417402269458834 9.016676436145197
-3.474508681244544 -8.518593672027039
5.922262502162141 -7.553060876271484
-5.90153961223798 7.51387884757915
-3.48118307421265 8.920183872876459
3.426357727316108 -8.864884235637545
6.917959737359277 6.611636818579402
-5.153872538497717 8.058364496934416
5.074930809550326 -8.048601413410791
6.623511895329255 -6.941864453485284
-6.601477115021415 6.910638364406262
-7.56391789284216 -5.854870442545087
9.247466935153394 2.559118762816276
2.487322624103254 -9.273335585963183
-9.24281864319544 -2.557709295283371
9.438491190701054 1.646532899108014
8.570023981454511 4.30743831336217
-9.4537753577556 -1.640385639272721
9.569420893171191 0.7166835606505668
-9.572753130681454 -0.7095315916187217
0.7744464022480405 -9.559393411392971
7.815037430465225 -5.502074784896136
-7.825701426220196 5.502786558758523
8.34851681467595 -4.729376342802206
-8.34851681467595 4.729376342802206
3.888305361157447 8.771876368302186
8.752363423838611 -3.873865126654136
-8.755767918033413 3.885373203965858
-6.928680594578205 -6.594118117413714
2.114421188657137 9.329839211575663
7.258065402028242 -6.257101838032484
-7.265446855262486 6.267217532976215
-4.729376342787293 -8.348516815131514
3.00978787347047 9.110757957753416
9.093293335135417 -2.982881257372737
-9.089832321010023 2.9833994699901
9.559417045200412 -0.1952150973220114
-9.564704640600777 0.2201461596325871
1.12774679272671 9.425149187469847
-0.2886347734442145 -9.565450527751247
-2.425789558233817 8.200139992763731
-7.340414779594971 5.497802296930061
8.276955089436777 -3.933713925905314
-8.765260150218271 2.596728165827763
6.424648439910019 6.509060429817668
-6.251604410153297 -7.263895691051983
4.716697099923177 8.349670673416966
-3.885244729353412 -8.767240471141037
7.392338951907181 5.408958260402857
9.35849870910384 -2.030181352257724
-7.407651214465558 -5.365952274814008
-3.017515528606514 -9.119044196230281
0.2359572883746227 9.611834340392951
2.694518270646834 8.7860232872385
5.854042725397177 -7.062610883257044
6.46827711171212 -6.517432323674595
-3.681922235074601 8.359701996609592
-7.866814836505941 -4.156123515891036
-9.36623867664014 2.045124708028058
3.538988659881267 8.494565926794188
-8.293530672038774 3.953133888442726
8.1035596446543 -4.375315372103128
6.270337767154725 7.292641364306396
-8.010466210628904 -3.290718333414699
-6.515867432186054 6.488278685688623
-5.867751202288538 7.057067367600379
8.121750195559189 5.117076994605188
9.054669907519845 -1.639570368770165
7.150104156808372 -5.844698397919167
-8.145945217937388 -5.067570274914765
-9.19726721576234 -0.07937500940320254
-0.7100203372722568 9.625510846308803
9.168040175633713 0.09828588755537937
4.365098757539569 -8.645087257979117
-0.6547594832878286 -9.156424167045135
-5.828096479560208 -7.129824960419126
5.194321129570143 -7.553764950295817
-4.368889644874966 -8.137077110999529
1.851766637885865 9.029347905692177
-9.06947193916006 1.670078441939462
-8.121502015684255 4.383437952683784
9.144037049161032 1.381465067258682
8.968757851985893 2.249841203075329
-8.972377343153914 -2.243652304430578
-9.150391007310697 -1.357492909661849
-7.161737838383904 5.864930855407247
-1.655404933070294 9.540333680385263
5.749155553339797 7.211501745379479
0.6342003899793806 9.201874626747966
-5.187179820045907 7.59836720628849
-2.320965019010002 8.587749376986034
-8.664129319037604 -4.344165751458084
-1.42297230125332 8.296082783126561
4.36216936135497 8.159296663085641
7.957823402144768 -4.749968263773413
7.955149718224019 4.704691049934635
-7.984371688561724 -4.551448756691966
2.531078357244184 -8.866322089783687
2.069335025931294 -8.977818317032957
1.659499853663696 -9.563933289203192
-4.363393401146445 8.660707985283496
9.261107502995703 0.4951686331040691
-0.779669667310499 8.831277874715772
9.632831328319931 -1.186636922721652
6.252659757653641 -6.877422465827636
8.434246001804144 3.526248612605965
1.063666207063168 -9.171859287480201
-3.142734282527474 -8.748423540289608
-7.969480120751753 4.756345305238694
-2.107026288271157 -9.457796984778009
-9.273863969672066 -0.4746303863967583
5.579340157434325 -7.422703258876972
-9.074249844151414 -3.500324433217818
4.608761195668585 -7.998510913750023
-2.589072074724418 9.357052801782798
0.6005427914448688 -9.224709693520492
-5.535350304291367 -7.413005275856069
9.074747014080138 3.500661158999796
2.995101661282839 -8.741329666869323
8.201023270102921 4.379407385776021
-9.635115190139189 1.197029388628929
-8.068160492690843 -3.901607411005459
-1.19536638885118 -9.654660354582182
Elements
3062
936 141 1507
924 163 1484
1347 170 1349
170 1347 1348
894 1463 1512
1472 919 1479
1074 178 1521
894 1512 1562
920 131 1504
918 947 948
1023 154 1477
150 960 1495
918 948 1537
189 938 988
939 181 1503
175 918 944
918 175 947
829 1123 1139
928 182 930
140 1472 1479
85 86 1464
171 927 934
936 1507 1527
23 24 1467
927 1478 1530
960 959 1495
1475 1074 1521
163 924 1539
154 1023 1563
939 1503 1552
932 190 1177
182 928 943
189 988 989
1478 137 1530
954 953 1313
1122 187 1123
131 920 1529
927 171 1478
136 941 1127
133 955 1474
1123 160 1139
1513 1127 1548
982 165 1499
1313 953 1566
958 187 1122
151 1051 1496
940 1523 1541
190 932 1178
1130 132 1505
955 133 1545
829 1122 1123
1512 188 1562
1523 158 1541
191 1513 1548
169 952 954
1543 1241 1570
186 1543 1570
938 189 1510
1526 942 1562
935 152 957
924 1484 1538
152 935 1464
141 936 1533
192 85 1464
86 152 1464
188 1526 1562
176 23 1467
24 149 1467
136 1127 1513
920 1504 1542
1467 1281 1561
1473 1120 1508
145 1351 1489
930 182 1481
1496 1051 1515
1039 1532 1553
171 934 950
1023 1477 1539
1463 157 1512
1178 933 1553
956 886 1387
178 1074 1551
1485 946 1524
148 945 1491
183 1473 1508
1246 138 1490
960 150 1568
1462 1536 1561
140 1279 1472
169 954 955
1177 190 1511
1532 159 1553
1492 1465 1575
949 186 1570
132 1130 1538
168 1465 1492
956 1387 1566
932 933 1178
985 149 986
982 1499 1533
942 133 1474
181 939 1527
1489 1351 1555
985 1281 1467
952 169 1560
176 1467 1561
149 985 1467
928 823 943
156 1485 1524
1230 1482 1550
1536 176 1561
183 940 1473
988 835 989
186 949 1565
1476 1528 1585
165 982 1567
1466 1461 1502
1459 1509 1517
1279 140 1547
195 1480 1518
159 1178 1553
1487 1571 1572
1051 151 1582
193 194 1522
147 1487 1572
142 1120 1468
1139 160 1140
1120 142 1508
1246 1490 1593
940 183 1523
946 164 1461
175 944 1488
1130 1505 1559
1479 919 1592
133 942 1526
170 1348 1486
938 1510 1546
1476 162 1528
174 1460 1493
184 1279 1547
1461 164 1502
1279 184 1587
837 1139 1140
948 677 1537
947 139 948
943 823 1530
1509 185 1517
953 956 1566
1494 1580 1589
935 1298 1590
146 950 951
1482 1230 1587
164 946 1485
1464 935 1590
1494 172 1580
137 943 1530
989 835 1541
142 1468 1500
1480 130 1518
886 956 1514
1500 1468 1516
1482 155 1550
948 139 949
941 136 1589
959 177 1495
153 193 1522
146 951 952
945 148 1557
158 989 1541
952 951 953
962 199 1458
909 962 1458
196 199 962
953 951 956
952 953 954
197 961 965
198 197 965
839 680 1458
966 839 1458
966 203 1454
680 909 1458
839 966 1454
200 203 966
201 198 965
963 201 1451
201 965 1451
202 201 963
1454 995 1456
208 211 969
647 995 1426
1426 968 1455
995 968 1426
967 207 968
978 578 1452
969 211 1005
207 208 969
968 969 1455
977 873 1052
630 1118 1119
666 568 972
666 972 973
1011 990 1131
571 569 1117
839 1454 1456
666 973 974
977 978 1452
970 576 975
509 1060 1412
204 207 967
964 963 1457
568 576 972
509 442 1060
576 970 972
630 1117 1118
442 469 1060
967 995 1454
633 634 1432
840 1058 1401
469 1058 1059
1067 1022 1443
988 828 993
469 1059 1060
835 988 993
922 923 975
647 577 1456
976 977 1052
1058 469 1401
1011 509 1412
509 1011 1131
1260 686 1385
564 642 1101
925 1022 1023
923 970 975
539 581 1447
209 206 976
407 979 1143
1063 1064 1417
979 841 1143
842 996 1365
630 1119 1142
1119 834 1142
686 1277 1385
665 981 1066
981 665 983
626 669 984
569 666 1117
642 851 1101
630 571 1117
497 579 1102
975 990 1011
851 1100 1101
634 1033 1432
980 535 1066
981 980 1066
541 1006 1010
984 985 986
1012 385 1213
844 1012 1213
844 1213 1214
808 1114 1295
996 637 1365
1022 925 1443
581 689 1016
844 1214 1217
1016 689 1019
295 287 1072
1020 1225 1446
1050 915 1051
915 1050 1068
983 665 984
968 207 969
1064 498 1417
1100 851 1102
967 968 995
209 976 1052
984 669 985
541 1010 1174
991 585 1098
922 975 1011
903 901 1212
515 457 990
1114 1113 1295
441 392 1187
665 626 984
1020 1446 1449
987 455 1076
1171 887 1416
1002 441 1187
998 443 1112
219 220 1418
443 444 1112
421 422 1113
1129 455 1156
455 987 1156
581 1016 1447
979 1361 1389
1119 1118 1120
1050 617 1068
1020 689 1225
1251 227 1422
1000 378 1057
443 998 1113
1108 1107 1433
1025 1129 1156
378 279 1057
1048 617 1050
1167 845 1355
579 1100 1102
1052 872 1252
1101 840 1401
685 997 1388
604 1028 1030
1044 559 1046
604 1030 1284
434 497 1102
534 994 1406
979 407 1361
1129 1025 1144
535 980 1212
314 316 1093
403 1384 1395
403 1143 1384
1090 338 1092
374 1004 1404
1004 1243 1404
1192 1343 1413
1091 1098 1359
993 828 1440
1361 1114 1389
303 295 1072
583 1088 1089
1064 1260 1385
506 1193 1323
1233 231 1419
617 1048 1056
362 341 1408
422 443 1113
1083 1088 1328
1030 1071 1317
1398 877 1400
686 633 1432
975 576 990
1062 1063 1070
576 515 990
206 205 976
421 1113 1114
287 1070 1072
1441 1013 1442
850 1337 1338
364 1071 1151
583 1089 1094
1093 316 1095
992 991 1098
18 19 161
1046 559 1056
1395 877 1398
1040 551 1042
873 977 1452
310 312 1168
279 277 1057
1248 720 1367
990 457 1131
378 1000 1062
215 1167 1355
991 842 1365
478 499 1174
364 1151 1274
1071 364 1317
999 501 1448
444 506 1112
1026 376 1027
1088 583 1328
1337 1107 1338
559 1044 1061
111 112 162
992 1092 1093
49 50 163
1284 1030 1317
578 1450 1452
378 1062 1070
828 624 1440
1092 992 1098
1144 1025 1145
874 1017 1325
980 903 1212
721 724 1166
433 434 1407
873 872 1052
1324 882 1339
666 974 1117
871 999 1448
1027 376 1054
12 13 138
1072 1063 1417
525 527 1061
529 531 1056
1193 506 1264
586 1079 1081
334 348 1266
1143 841 1384
470 1111 1173
392 362 1187
43 44 137
738 1110 1172
1092 338 1093
105 106 140
1388 890 1429
1017 481 1325
901 987 1212
1086 310 1168
1255 235 1415
1014 1193 1264
16 17 153
338 314 1093
24 25 149
987 1076 1212
877 1004 1400
494 536 1067
586 1081 1082
590 406 1145
524 522 1082
308 310 1086
109 110 155
521 523 1069
117 118 150
47 48 154
593 1024 1296
55 56 151
1014 467 1015
1042 551 1061
467 1014 1264
1028 604 1266
1015 467 1258
551 1040 1069
470 1110 1111
995 647 1456
1112 506 1323
585 991 1365
724 1160 1166
564 1101 1401
318 315 1185
74 75 139
338 1090 1168
495 534 1406
1442 1013 1444
1084 324 1085
536 1021 1067
1430 993 1440
219 1171 1416
1307 1221 1370
1079 586 1205
1098 585 1359
854 1095 1096
403 1395 1398
1035 567 1037
1095 316 1096
983 984 986
2 36 133
1 5 134
441 1002 1324
1171 219 1418
277 266 1374
1024 593 1145
994 1391 1406
534 1067 1443
530 528 1094
498 1064 1385
1031 318 1185
528 583 1094
534 494 1067
522 586 1082
441 1324 1339
1085 324 1086
567 1035 1128
3 67 135
997 767 1388
614 688 1019
688 1016 1019
10 11 170
1048 1046 1056
531 617 1056
431 1147 1445
4 98 136
41 42 171
1160 724 1203
738 1109 1110
527 559 1061
1141 593 1296
1096 320 1149
1149 320 1161
1114 808 1389
376 1026 1266
1053 767 1290
409 431 1445
324 1084 1125
103 104 173
1010 1437 1439
473 1065 1190
473 1206 1257
614 1019 1421
312 338 1168
637 996 1391
854 843 1095
872 1208 1252
6 7 168
37 38 169
479 478 1174
767 600 1290
324 308 1086
1065 473 1257
846 1234 1420
1094 1091 1359
985 669 1281
720 721 1166
559 529 1056
499 541 1174
406 1144 1145
1208 213 1252
523 551 1069
317 320 1096
1012 1013 1441
209 1052 1252
254 250 1236
551 525 1061
1110 470 1172
846 1251 1422
1034 745 1236
662 1428 1434
99 100 172
72 73 175
68 69 174
1428 1202 1434
481 1017 1297
1089 1091 1094
1070 1063 1072
845 1005 1355
720 1166 1367
1206 867 1257
1219 1015 1268
1082 1083 1328
1189 867 1206
214 213 1336
1391 996 1406
1037 567 1069
315 313 1185
1015 1258 1268
604 334 1266
1078 1079 1205
541 539 1447
1189 265 1316
1057 277 1374
593 590 1145
78 79 156
1035 814 1128
8 9 145
1021 536 1136
348 376 1266
854 1096 1149
1154 1248 1367
39 40 146
567 521 1069
80 81 164
14 15 180
1017 1018 1297
322 319 1115
1135 1136 1259
86 87 152
820 906 1059
376 365 1054
1219 672 1240
1018 1249 1297
672 911 1240
101 102 147
318 1031 1115
316 317 1096
684 820 1059
1190 1065 1236
1157 1158 1383
1113 998 1295
434 1102 1407
365 379 1054
1044 1042 1061
1109 738 1211
45 46 182
672 1219 1268
1158 504 1383
1343 1183 1413
1004 374 1400
304 306 1125
107 108 184
667 915 1068
1076 535 1212
1187 362 1408
213 1208 1336
843 992 1095
563 667 1068
867 1189 1316
1034 874 1325
70 71 148
1084 1080 1125
1163 1164 1372
1149 696 1288
1025 1024 1145
797 866 1243
1027 1160 1203
847 848 1062
1058 684 1059
1107 1337 1433
322 1115 1184
1019 689 1020
837 791 1138
753 1307 1370
926 801 1075
992 1093 1095
1005 845 1340
1059 906 1060
1000 847 1062
682 684 1058
837 1138 1139
1165 322 1184
745 254 1236
1320 1233 1419
1243 866 1404
801 803 1075
1154 432 1248
306 324 1125
1082 1081 1083
1026 1028 1266
882 780 1371
697 699 1077
1363 1133 1410
1080 693 1097
695 1106 1109
250 1190 1236
319 318 1115
706 708 1153
479 1174 1439
1136 536 1259
907 905 920
787 784 1104
459 535 1076
865 787 1104
806 1073 1074
788 797 1292
820 904 905
592 593 1141
938 828 988
1078 693 1079
595 592 1141
370 693 1078
353 1249 1377
221 1231 1314
1164 410 1372
553 665 1066
1223 1134 1280
575 573 1142
684 819 820
489 493 1121
695 1105 1106
806 807 1073
20 21 130
1133 1132 1224
424 565 1105
695 1109 1211
892 694 893
1088 1087 1089
1005 211 1355
1150 734 1192
1062 848 1063
1085 1086 1087
696 1149 1161
1238 1421 1449
820 819 904
814 748 1128
933 1035 1036
800 958 1122
493 584 1121
997 1430 1440
745 1034 1325
644 1223 1280
693 339 1097
682 683 684
1099 259 1182
907 920 921
1097 304 1125
1222 1133 1224
573 630 1142
1080 1097 1125
679 620 694
894 893 895
1104 882 1324
1085 1087 1088
457 418 1131
1099 1182 1183
667 673 914
423 459 1076
892 893 894
413 1390 1397
1027 1054 1160
933 814 1035
1100 840 1101
932 814 933
1065 1034 1236
1135 824 1136
1040 1037 1069
1109 1108 1110
708 711 1153
1151 1150 1192
997 685 1430
1036 1037 1038
791 790 792
553 626 665
393 424 1105
563 638 667
679 694 892
1105 565 1106
684 683 819
524 1082 1328
789 790 791
1106 1108 1109
798 800 1122
670 838 891
533 563 1068
535 512 1066
906 905 907
840 682 1058
600 598 1290
432 1077 1227
1054 379 1055
923 921 959
789 788 790
639 840 1100
792 794 795
626 627 669
1036 1035 1037
813 748 814
685 1388 1429
982 981 983
255 259 1099
833 628 834
1021 931 1022
1081 1080 1084
512 553 1066
937 981 982
587 242 1137
411 412 1179
667 638 673
854 1149 1288
427 1078 1205
553 554 626
603 600 767
696 1121 1288
697 1077 1179
815 935 957
900 901 902
914 673 1130
795 796 798
427 401 1078
281 378 1070
512 513 553
797 1243 1292
1231 878 1314
603 767 997
465 427 466
518 466 519
504 1379 1383
283 481 1297
432 1227 1248
294 287 295
897 899 900
568 515 576
705 1165 1184
76 77 186
1152 706 1153
620 595 1141
401 370 1078
519 520 521
531 533 617
1079 693 1080
833 834 940
902 903 936
329 360 1134
493 494 495
519 466 520
301 295 302
836 791 837
795 794 796
396 397 418
1038 1040 1041
584 495 691
1038 1037 1040
895 896 897
265 264 1152
1043 1044 1045
900 899 901
929 930 931
1063 848 1064
286 281 287
520 466 1205
784 782 1104
265 1153 1316
1045 1046 1047
495 494 534
1047 1048 1049
628 575 1142
639 640 682
803 806 1075
788 787 797
287 281 1070
734 1150 1239
842 691 996
1013 687 1148
1036 1038 1039
586 520 1205
792 793 794
487 489 1121
704 544 1155
426 401 427
521 522 523
617 533 1068
639 682 840
525 526 527
820 905 906
902 901 903
507 555 1135
282 738 1172
929 931 1021
242 244 1137
418 397 419
1079 1080 1081
459 512 535
1106 565 1107
1196 542 1199
1041 1042 1043
579 639 1100
523 524 525
900 939 1124
281 279 378
579 580 639
673 825 1130
798 799 800
936 903 937
786 784 787
1110 1108 1111
459 461 512
786 788 789
827 828 938
280 279 281
682 640 683
1049 1050 1051
251 404 1116
263 268 269
423 430 459
390 381 762
692 691 842
455 423 1076
731 734 1239
797 865 866
527 529 559
263 269 1182
1022 931 1023
366 349 1132
527 528 529
807 815 1073
264 275 1152
302 303 304
800 926 958
1021 1022 1067
829 798 1122
667 914 915
271 270 273
935 816 1298
786 787 788
419 509 1131
742 1196 1199
941 785 1126
419 442 509
519 567 1128
321 325 1161
412 429 1179
1132 349 1224
302 295 303
269 268 270
800 801 926
521 520 522
405 423 455
274 273 284
762 1132 1133
370 339 693
523 525 551
798 796 799
1077 411 1179
405 409 423
1425 766 1427
306 307 308
259 262 263
824 928 929
269 588 1182
263 267 268
741 870 1146
895 893 896
1090 1087 1168
393 417 424
895 897 1124
843 842 991
1146 870 1147
696 487 1121
418 419 1131
529 530 531
900 902 939
424 425 433
339 302 1097
1043 1042 1044
485 487 696
251 255 404
1077 699 1227
866 1002 1003
304 305 306
360 361 396
977 964 978
1045 1044 1046
791 792 1138
782 780 882
897 898 899
405 455 1129
694 620 1141
834 628 1142
537 647 1155
508 491 1176
813 814 932
255 258 259
761 712 1157
1041 1040 1042
327 323 1165
557 508 1176
994 534 1443
381 366 1132
265 1152 1153
396 361 397
754 1364 1376
323 322 1165
887 1167 1416
225 1271 1300
687 653 1148
555 623 1135
1138 829 1139
278 277 279
523 522 524
762 381 1132
493 492 494
306 308 324
308 309 310
440 418 457
489 492 493
493 495 584
795 798 829
544 502 1155
1083 1085 1088
602 600 603
923 959 960
113 114 131
394 407 1143
519 521 567
525 524 526
782 882 1104
247 251 1116
251 254 255
1089 1087 1090
815 957 1073
234 233 1162
875 716 1163
404 255 1099
329 333 360
623 824 1135
871 873 999
1047 1046 1048
220 223 1418
813 932 1177
897 900 1124
670 891 1281
584 691 692
738 290 1211
827 624 828
230 229 1181
320 321 1161
269 270 271
497 550 579
388 389 391
310 311 312
795 829 1138
465 466 518
1087 1086 1168
424 433 565
368 385 386
426 427 465
391 398 405
507 1135 1259
1162 233 1180
387 386 388
800 799 801
458 457 515
259 263 1182
390 762 890
758 557 759
247 250 251
516 515 568
569 568 666
294 295 301
739 1275 1285
741 869 870
271 273 274
302 304 1097
789 836 1126
797 787 865
301 302 339
527 526 528
429 464 472
1162 1180 1226
343 363 695
639 580 640
329 297 333
706 707 708
472 502 544
1009 1031 1032
1106 1107 1108
342 300 353
770 1201 1202
363 393 1105
330 1134 1220
815 816 935
599 598 600
1117 974 1118
623 823 824
502 537 1155
433 425 434
734 733 1191
286 287 294
518 519 1128
290 299 1211
824 929 1136
1009 1008 1031
399 432 1154
244 247 1137
866 865 1002
870 869 871
1180 743 1226
697 544 698
708 707 709
563 637 638
1220 1134 1223
703 887 1169
1054 1055 1160
806 1074 1075
1049 1048 1050
792 790 793
785 784 786
1169 887 1171
1221 1220 1223
482 661 706
706 661 707
391 405 1129
275 482 1152
937 980 981
698 544 704
351 367 368
333 297 1204
807 809 815
1007 1008 1009
789 791 836
734 1191 1192
304 303 305
1275 1181 1285
1089 1090 1091
537 577 647
1345 1255 1415
708 709 710
1134 360 1280
306 305 307
669 670 1281
533 562 563
472 464 502
710 709 764
632 680 839
712 710 1157
702 845 1167
1083 1081 1084
692 842 843
341 300 342
537 538 577
285 284 292
372 394 403
388 386 389
502 505 537
768 707 1207
707 661 1207
1157 764 1158
655 741 1146
217 214 1336
1026 853 1028
312 314 338
710 764 1157
1147 431 1444
51 52 132
1064 848 1260
794 810 1103
297 292 1204
260 265 1189
308 307 309
579 550 580
487 488 489
843 991 992
531 532 533
803 805 806
354 355 356
553 513 554
237 234 1162
424 417 425
1028 1029 1030
1083 1084 1085
1007 884 1008
233 230 1181
760 759 881
884 705 1184
898 1025 1156
396 418 440
299 343 1211
485 696 1161
633 560 634
759 557 1176
794 793 810
293 292 297
758 759 760
472 544 697
298 297 329
852 730 853
1198 742 1199
929 928 930
792 795 1138
699 698 700
299 291 300
897 896 898
824 823 928
678 620 679
577 618 632
547 453 1201
626 554 627
391 1129 1144
697 698 699
716 714 1163
1163 761 1164
695 363 1105
447 548 1188
728 852 1203
372 373 394
632 674 680
714 712 761
629 628 833
755 1194 1195
342 353 354
241 474 475
325 485 1161
1277 686 1432
353 300 1249
482 706 1152
1012 687 1013
290 283 291
702 700 845
783 782 784
466 427 1205
360 333 361
477 478 479
852 1027 1203
852 853 1026
241 237 474
347 350 351
714 761 1163
423 409 430
403 394 1143
330 329 1134
711 710 712
368 367 385
475 476 477
292 284 1159
635 633 686
383 399 1154
485 486 487
358 359 372
720 719 721
529 528 530
605 1250 1386
356 357 358
399 411 432
482 660 661
728 730 852
891 838 961
561 560 633
459 430 461
652 651 653
512 461 513
922 921 923
471 327 1165
310 309 311
929 1021 1136
1231 217 1331
874 716 875
896 893 1296
770 547 1201
810 811 877
300 291 1249
436 435 1242
537 505 538
292 1159 1204
701 700 702
1030 1029 1071
388 391 1144
1271 1216 1300
368 386 387
1006 884 1007
345 346 347
449 447 1188
887 702 1167
1028 853 1029
473 252 1206
220 222 223
871 872 873
874 875 1017
883 705 884
280 281 286
688 471 705
901 899 987
1017 875 1018
260 264 265
1182 588 1183
291 283 1297
713 712 714
480 479 560
861 859 1193
652 653 687
659 771 1194
731 733 734
238 237 241
705 471 1165
1200 1198 1237
655 740 741
786 789 1126
1197 742 1198
283 272 481
728 729 730
649 652 1217
653 655 1148
694 1141 1296
391 389 398
736 772 1191
703 702 887
880 333 1204
406 388 1144
345 337 346
352 1220 1221
649 651 652
278 279 280
244 246 247
721 719 722
1180 233 1181
733 736 1191
232 230 233
573 571 630
216 218 219
649 650 651
1032 1031 1185
312 311 313
284 273 289
657 547 659
256 1189 1206
699 700 701
680 908 909
502 464 505
724 725 1203
577 538 618
653 654 655
228 226 229
347 346 350
405 398 409
1335 344 1357
715 714 716
718 703 719
708 710 711
475 474 476
343 695 1211
718 719 720
439 253 1200
877 811 1004
755 659 1194
252 256 1206
474 237 1162
648 646 649
719 703 1169
336 327 471
851 850 1407
721 723 724
1009 1032 1033
354 353 355
432 411 1077
688 705 883
1014 861 1193
725 727 728
724 723 725
453 451 1201
393 416 417
566 449 1188
701 702 703
545 453 547
741 868 869
351 350 367
801 802 803
1197 1198 1200
354 356 374
243 742 1197
256 260 1189
429 463 464
1006 1007 1010
325 484 485
236 234 237
657 659 755
276 266 277
312 313 314
1029 853 1239
275 288 482
711 712 713
612 575 628
883 884 1006
346 337 1209
394 395 407
545 547 657
614 471 688
652 844 1217
274 284 285
1091 1092 1098
806 805 807
725 728 1203
1003 1002 1187
796 794 1103
736 766 772
1031 1008 1115
489 490 492
477 476 478
717 716 874
847 641 848
243 240 742
387 388 406
658 773 889
655 1146 1148
721 722 723
632 618 674
623 821 823
396 440 1280
282 272 283
336 471 614
764 709 1175
659 770 771
680 674 908
212 214 215
722 1169 1170
592 590 593
477 479 480
239 242 587
713 714 715
748 518 1128
429 472 1179
555 622 623
239 587 1235
247 1116 1137
228 229 230
649 646 650
1201 566 1202
223 222 224
439 1200 1237
976 964 977
709 707 768
452 451 453
408 414 421
257 253 439
332 330 1220
661 660 769
501 999 1450
1319 1199 1321
356 355 357
352 332 1220
499 539 541
451 449 566
454 453 545
844 687 1012
540 500 1218
445 436 1242
1180 1181 1275
248 252 473
1024 896 1296
482 288 660
475 477 1186
730 729 731
659 547 770
328 336 337
440 457 458
863 861 1014
848 641 1260
653 651 654
1150 1029 1239
351 1294 1310
337 336 1209
474 1162 1226
1170 1169 1171
363 392 393
728 727 729
451 566 1201
251 250 254
282 290 738
669 627 670
730 731 1239
478 483 499
328 327 336
722 719 1169
500 743 1218
422 436 443
1160 1055 1166
434 496 497
232 233 234
224 226 227
247 246 250
284 289 1159
673 690 825
241 475 542
648 649 1217
635 686 1260
246 245 248
709 768 1175
598 415 1270
785 786 1126
1304 744 1326
412 428 429
661 769 1207
781 780 782
852 1026 1027
846 726 1234
597 646 648
715 716 717
645 596 739
879 591 1293
208 210 211
558 557 758
937 903 980
276 277 278
248 245 249
452 453 454
447 445 548
358 357 359
219 218 220
462 415 598
596 540 1218
701 703 718
645 876 1215
619 595 620
487 486 488
259 258 262
582 540 596
1091 1090 1092
227 228 1233
742 240 1196
245 243 1197
726 723 1234
725 726 727
269 271 588
270 268 470
739 596 1218
348 365 376
743 1180 1275
270 470 1173
246 248 1190
438 503 546
582 596 597
725 723 726
221 218 1231
250 246 1190
336 614 1209
1331 217 1336
663 774 812
737 726 846
1221 1223 1370
597 645 646
1116 1425 1427
646 645 1215
671 616 677
343 362 363
248 473 1190
255 254 258
581 540 582
480 560 561
723 722 1234
522 520 586
478 476 483
229 1244 1285
506 446 1264
235 236 1235
539 540 581
500 483 743
335 332 352
215 214 216
597 648 1225
688 883 1016
722 1170 1234
458 515 516
236 237 238
377 350 1238
241 542 1196
717 874 1034
350 346 1238
497 549 550
655 654 740
516 568 569
582 597 1225
580 550 1278
645 739 876
561 633 635
1033 634 1437
597 596 645
477 480 1186
499 483 500
372 359 373
344 337 345
539 500 540
581 582 689
472 697 1179
616 511 754
238 241 1196
450 449 451
1071 1150 1151
750 1319 1321
272 262 1263
499 500 539
941 1126 1127
876 739 1285
382 381 390
263 262 267
606 658 1250
249 1197 1200
615 511 616
743 483 1226
650 1215 1216
689 582 1225
346 1209 1238
652 687 844
483 476 1226
419 397 420
650 646 1215
1008 884 1184
227 226 228
224 225 226
643 608 751
360 396 1280
741 740 868
485 484 486
450 451 452
229 226 1244
248 249 252
783 784 785
542 475 1186
385 367 1213
731 732 733
494 492 536
211 210 212
871 869 872
818 856 857
853 730 1239
367 350 377
801 799 802
352 1221 1222
606 625 658
218 217 1231
220 221 222
510 454 511
276 278 1228
660 288 662
454 545 1232
727 726 737
358 1398 1400
815 809 816
249 245 1197
1181 229 1285
431 1442 1444
476 474 1226
602 603 624
210 209 1252
286 294 1261
1271 221 1314
399 400 411
662 288 1228
511 454 1232
599 600 602
228 231 1233
236 239 1235
1213 377 1214
231 230 232
718 720 1248
531 530 532
545 657 757
1244 876 1285
224 222 225
623 622 821
380 366 381
713 715 867
701 718 1227
654 651 1262
754 511 1232
863 1015 1219
252 253 256
244 243 245
448 447 449
231 232 1255
733 735 736
326 328 1256
326 327 328
1071 1029 1150
367 377 1213
1218 743 1275
731 729 732
489 488 490
223 224 1251
228 230 231
220 218 221
340 339 370
675 580 1278
548 445 1242
735 732 756
288 276 1228
736 765 766
1193 859 1323
674 618 676
273 270 1173
285 292 293
863 1014 1015
717 1034 1065
213 210 1252
419 420 442
383 384 399
242 240 243
591 594 1293
699 701 1227
448 449 450
898 1024 1025
796 1103 1289
224 227 1251
605 606 1250
282 283 290
528 526 583
446 448 1264
481 272 1263
371 370 401
790 788 1292
440 644 1280
402 401 426
235 234 236
351 368 1294
1358 439 1378
733 732 735
216 217 218
803 802 804
452 454 510
594 609 610
878 654 1262
545 757 1232
889 773 918
651 650 1262
429 428 463
226 225 1244
331 334 604
307 305 498
908 674 1245
298 329 330
503 605 1210
267 272 282
256 257 260
736 735 765
434 425 496
345 347 369
546 503 1210
239 238 240
222 221 1271
558 758 885
311 309 375
293 297 298
803 804 805
550 549 663
232 235 1255
779 778 780
1251 846 1420
212 213 214
252 249 253
262 258 1263
1032 1185 1381
258 254 745
663 812 1278
444 446 506
484 326 1256
740 654 878
727 737 1254
260 261 264
899 898 1156
232 234 235
448 450 467
1227 718 1248
756 732 1254
497 496 549
361 333 880
810 793 811
394 373 395
242 243 244
510 511 615
299 341 343
668 607 746
343 341 362
462 598 599
216 214 217
298 331 1284
1115 1008 1184
812 1253 1278
729 727 1254
264 266 275
615 616 671
244 245 246
907 921 922
1253 812 1279
650 1216 1262
253 249 1200
331 330 332
328 337 344
715 717 1257
732 729 1254
290 291 299
341 342 1408
636 656 750
357 355 410
349 335 1224
256 253 257
331 332 334
236 238 239
258 745 1263
325 326 484
450 452 1258
275 276 288
1126 836 1127
970 960 971
212 210 213
1229 675 1230
267 282 1172
867 715 1257
326 323 327
530 1094 1359
613 1363 1410
747 518 748
674 676 1245
280 296 1287
1245 676 1246
239 240 242
1282 1283 1312
208 209 210
1253 675 1278
1215 876 1300
636 635 641
869 868 1208
299 300 341
411 400 412
881 759 1326
240 238 1196
717 1065 1257
335 352 1224
1249 1018 1377
264 261 266
739 1218 1275
746 607 1303
486 484 744
781 782 783
267 262 272
260 257 261
409 398 431
673 638 690
807 808 809
563 562 637
452 510 1258
275 266 276
390 890 1053
864 863 1219
658 625 773
1244 225 1300
225 222 1271
692 843 854
744 484 1256
1176 1304 1326
641 635 1260
640 580 675
328 344 1256
656 641 847
850 1338 1407
321 323 325
438 546 1322
314 315 316
490 491 507
446 447 448
849 847 1000
533 532 562
464 463 1272
293 298 1284
280 286 296
816 818 1298
643 751 763
804 802 841
819 683 916
274 285 364
448 467 1264
588 271 1274
561 635 636
804 841 979
864 1219 1240
399 384 400
467 450 1258
365 366 379
296 286 1261
208 206 209
383 1154 1334
417 416 456
589 591 879
893 694 1296
446 445 447
416 392 441
570 569 571
278 280 1287
612 628 629
749 748 813
268 267 1172
348 349 365
393 392 416
503 514 605
1237 1198 1319
490 507 1259
443 436 444
1004 811 1243
421 414 422
538 505 552
636 641 656
321 319 322
615 671 672
656 847 849
629 833 835
862 861 863
777 776 778
672 671 911
492 490 1259
334 335 348
363 362 392
1121 584 1288
412 415 428
314 313 315
461 430 501
658 889 1376
550 663 1278
1055 379 1334
505 464 1272
556 508 557
558 885 886
1240 911 1241
325 323 326
876 1244 1300
1228 278 1287
298 330 331
387 406 589
640 675 1229
271 274 1274
872 869 1208
1153 711 1316
380 381 382
987 899 1156
923 960 970
321 322 323
849 1000 1001
380 382 383
331 604 1284
1258 510 1268
807 805 808
1186 480 1286
438 460 503
383 382 384
507 508 555
407 395 408
1033 1032 1392
334 332 335
382 390 1269
317 319 320
412 400 415
668 746 912
698 704 1340
373 359 504
1001 1000 1057
618 538 1265
1294 879 1310
490 488 491
676 618 1265
274 364 1274
862 864 946
417 456 1267
862 863 864
301 339 340
384 1269 1270
972 971 973
779 780 781
510 615 1268
556 557 558
636 750 1286
442 468 469
1450 999 1452
572 571 573
555 556 622
375 1276 1277
917 785 941
1151 1192 1413
898 896 1024
1246 676 1247
605 514 606
266 261 1374
855 817 998
1249 291 1297
307 498 1276
480 561 1286
379 366 380
26 27 165
1390 1158 1397
207 206 208
679 892 942
818 857 1298
365 349 366
536 492 1259
309 307 1276
375 309 1276
517 437 1306
1176 491 1304
642 850 851
444 445 446
594 610 1293
348 335 349
428 415 462
425 417 1267
408 413 414
352 1222 1224
606 514 607
422 435 436
606 607 625
711 713 1316
799 796 1289
574 573 575
1379 1164 1383
440 458 644
463 428 1282
289 273 1173
663 664 774
845 700 1340
503 460 514
507 491 508
683 640 1229
205 964 976
615 672 1268
462 599 601
642 608 643
546 1210 1369
400 384 1270
420 397 1311
516 569 570
369 347 1310
574 611 613
763 1380 1403
589 406 590
316 315 317
561 636 1286
444 436 445
384 382 1269
1230 675 1253
777 778 779
631 831 832
811 793 1292
320 319 321
317 315 318
570 572 753
340 370 371
562 532 585
408 395 413
422 414 435
1269 1053 1290
619 620 678
1216 1215 1300
918 773 944
1199 542 1321
371 401 402
496 425 1267
468 420 543
783 785 917
570 571 572
1282 601 1283
460 437 517
368 387 1294
347 351 1310
390 1053 1269
227 1233 1422
663 549 664
625 607 668
757 1366 1386
631 624 827
1437 634 1439
564 543 608
584 692 1288
1339 882 1371
668 912 945
609 619 621
389 1441 1442
28 29 141
415 400 1270
802 799 1289
598 1270 1290
642 643 850
594 595 609
775 664 776
821 622 822
1261 294 1318
552 505 1272
486 744 1304
1364 1250 1376
442 420 468
821 822 927
538 552 1265
543 420 1311
841 802 1289
317 318 319
611 575 612
565 433 1338
970 971 972
488 486 1304
1270 1269 1290
564 608 642
591 592 594
589 879 1294
1243 811 1292
1262 1216 1314
857 856 858
1186 1286 1321
865 1104 1324
860 859 861
428 462 1282
572 573 574
555 508 556
421 1114 1361
470 268 1172
816 809 817
554 513 578
574 575 611
1191 772 1343
119 120 166
692 854 1288
878 1231 1331
860 861 862
793 790 1292
463 1282 1312
602 624 631
468 543 564
526 524 1328
465 518 747
491 488 1304
1247 676 1265
777 779 913
589 590 591
1286 750 1321
773 625 1291
340 371 752
402 426 437
890 762 1363
774 775 919
1216 1271 1314
809 808 1295
121 122 142
438 437 460
397 361 1311
552 1272 1273
379 380 1334
361 880 1311
594 592 595
1333 1341 1352
775 776 777
402 437 438
609 595 619
387 589 1294
57 58 167
756 1254 1320
1263 745 1325
740 878 1331
462 601 1282
830 813 1177
504 1158 1390
1222 1221 1307
591 590 592
713 867 1316
1198 1199 1319
855 998 1112
744 1256 1335
878 1262 1314
1204 1159 1362
670 681 838
59 60 143
631 827 831
1019 1020 1421
549 496 1299
293 1284 1317
816 817 818
625 668 1291
774 664 775
294 301 1318
1272 463 1312
285 293 1317
1032 1381 1392
542 1186 1321
458 516 1302
558 886 1305
858 859 860
881 1335 1357
1254 737 1320
611 612 685
781 783 1301
364 285 1317
751 608 1344
825 826 924
927 822 934
998 817 1295
759 1176 1326
481 1263 1325
1265 552 1329
1247 1265 1329
668 945 1291
410 1164 1379
944 773 1291
301 340 1318
1099 1183 1414
858 856 859
765 735 1345
817 809 1295
460 517 1303
776 664 1299
570 753 1302
875 1163 1372
881 1326 1335
916 683 1229
825 690 826
516 570 1302
670 627 681
622 556 1305
514 460 1303
211 212 1355
607 514 1303
344 345 1357
644 458 1302
631 832 1315
818 855 856
583 526 1328
818 817 855
1312 1283 1332
599 602 1315
822 622 1305
601 599 1315
750 656 1346
426 465 1306
407 408 1361
779 781 1308
496 1267 1299
1308 1301 1309
783 917 1301
556 558 1305
621 619 1313
664 549 1299
1002 865 1324
961 838 965
747 748 749
1001 1358 1378
340 752 1318
1273 1272 1312
601 1315 1341
767 1053 1388
1332 1333 1350
850 643 1337
616 754 1360
1326 744 1335
888 830 910
760 881 1354
913 779 1308
761 1157 1383
437 426 1306
602 631 1315
868 740 1331
629 835 993
205 963 964
1332 1283 1333
1237 1319 1346
1362 1159 1380
1333 1283 1341
1208 868 1336
868 1331 1336
755 1195 1369
402 438 1322
380 383 1334
781 1301 1308
1001 1057 1374
1354 881 1357
1256 344 1335
1107 565 1338
749 830 888
752 371 1322
757 657 1366
1185 313 1381
826 690 994
749 813 830
456 416 1339
778 776 1356
778 1356 1371
1315 832 1341
885 758 1375
261 257 1358
1319 750 1346
754 1232 1364
371 402 1322
1382 621 1387
231 1255 1419
1273 1312 1332
643 763 1337
879 1293 1342
859 856 1323
1111 1108 1433
1380 289 1403
1341 832 1352
416 441 1339
777 913 1327
1350 1333 1351
1330 1332 1350
922 1011 1412
619 678 1313
810 877 1395
700 698 1340
552 1273 1329
465 747 1306
1329 1273 1330
855 1112 1323
355 353 1377
1006 541 1447
385 1012 1441
751 1344 1362
1192 1191 1343
856 855 1323
919 775 1327
1311 880 1344
1415 1235 1424
735 756 1345
1195 1368 1369
369 1310 1342
1283 601 1341
1159 289 1380
22 23 176
775 777 1327
924 826 925
313 311 1381
1310 879 1342
204 206 207
1351 1333 1352
1330 1273 1332
1210 1366 1369
543 1311 1344
780 778 1371
532 530 1359
608 543 1344
357 410 1379
1366 1210 1386
90 91 144
562 585 1365
656 849 1346
504 359 1379
1217 1214 1446
1348 1330 1350
369 1354 1357
609 621 1382
439 1237 1378
1250 1364 1386
212 215 1355
1338 433 1407
764 1175 1397
408 421 1361
889 1360 1376
638 637 1391
235 1235 1415
358 372 1398
912 746 1409
1237 1346 1378
677 616 1360
1356 456 1371
1299 1267 1356
115 116 177
1183 1343 1414
1344 880 1362
1334 1154 1367
804 979 1389
345 369 1357
1358 1001 1374
1446 1214 1449
1347 1330 1348
1372 410 1377
257 439 1358
1267 456 1356
53 54 179
880 1204 1362
762 1133 1363
1247 1329 1347
88 89 178
808 805 1389
374 356 1400
691 495 1406
776 1299 1356
1018 1372 1377
1274 1151 1413
585 532 1359
885 1375 1382
373 504 1390
1396 613 1410
1232 757 1364
1322 546 1368
657 755 1366
1166 1055 1367
413 395 1390
1223 644 1370
1235 587 1424
1329 1330 1347
1346 849 1378
342 354 1405
1276 498 1385
1353 888 1393
1342 1293 1373
1167 215 1416
749 888 1353
885 1382 1387
517 1306 1353
1354 1342 1373
1210 605 1386
414 413 1399
637 562 1365
1250 658 1376
1018 875 1372
574 613 1396
841 1289 1384
1155 647 1426
369 1342 1354
1055 1334 1367
753 572 1396
751 1362 1380
890 1363 1429
758 760 1375
517 1353 1393
1343 772 1414
1306 747 1353
1368 1195 1394
1174 1010 1439
410 355 1377
1307 753 1396
32 33 157
1360 754 1376
747 749 1353
125 126 158
261 1358 1374
359 357 1379
746 1303 1393
752 1322 1368
456 1339 1371
215 216 1416
1164 761 1383
311 375 1381
63 64 159
588 1274 1413
303 1072 1417
849 1001 1378
907 922 1412
763 751 1380
1293 610 1373
468 564 1401
644 1302 1370
760 1373 1375
772 766 1425
610 609 1382
1302 753 1370
963 1451 1457
1289 1103 1384
1261 1394 1402
1209 614 1421
994 690 1391
662 1228 1423
1060 906 1412
770 1202 1428
1414 772 1425
223 1251 1420
1234 1170 1420
1421 1020 1449
1384 1103 1395
1277 1276 1385
94 95 160
752 1368 1394
305 303 1417
30 31 181
1133 1222 1410
1261 1318 1394
760 1354 1373
374 1404 1405
886 885 1387
123 124 183
1373 610 1375
1173 1111 1403
805 804 1389
1381 375 1392
61 62 185
1013 1148 1444
1375 610 1382
1366 755 1369
1053 890 1388
1320 737 1422
1137 1116 1427
501 1445 1448
395 373 1390
1103 810 1395
375 1277 1392
1233 1320 1422
1345 756 1419
1368 546 1369
660 662 1434
1010 1007 1437
560 479 1439
1009 1033 1437
1202 566 1436
690 638 1391
1146 1147 1444
870 871 1448
1307 1396 1410
1394 1195 1402
624 603 1440
386 385 1441
1255 1345 1419
1404 1003 1405
1158 764 1397
1445 1147 1448
1303 517 1393
92 93 187
372 403 1398
613 611 1429
1318 752 1394
572 574 1396
356 358 1400
413 1397 1399
648 1217 1446
883 1006 1447
398 389 1442
685 612 1430
1397 1175 1399
1364 757 1386
377 1238 1449
430 409 1445
435 414 1399
1003 1187 1408
1102 851 1407
469 468 1401
1195 1194 1402
629 993 1430
296 1261 1402
1431 768 1435
461 501 1450
1175 768 1431
289 1173 1403
866 1003 1404
354 374 1405
763 1403 1433
1363 613 1429
82 83 129
996 691 1406
578 513 1450
1033 1392 1432
296 1402 1411
342 1405 1408
34 35 188
127 128 189
1402 1194 1411
1194 771 1411
65 66 190
906 907 1412
769 1436 1438
578 978 1453
84 85 192
768 1207 1435
404 1099 1414
205 202 963
1183 588 1413
826 994 1443
1287 296 1411
96 97 191
765 1415 1424
1435 1207 1438
888 910 1409
746 1393 1409
587 1137 1427
216 219 1416
1399 1175 1431
435 1399 1431
1222 1307 1410
1207 769 1438
765 1345 1415
965 838 1451
1434 1202 1436
662 1423 1428
204 205 206
404 1414 1425
1170 1171 1418
1418 223 1420
1411 771 1423
498 305 1417
1287 1411 1423
1393 888 1409
1238 1209 1421
737 846 1422
756 1320 1419
1116 404 1425
704 1155 1426
766 765 1424
1228 1287 1423
771 770 1428
1242 435 1431
1242 1431 1435
1405 1003 1408
612 629 1430
611 685 1429
769 660 1434
1436 1188 1438
548 1435 1438
1403 1111 1433
548 1242 1435
566 1188 1436
1007 1009 1437
1337 763 1433
1188 548 1438
634 560 1439
603 997 1440
389 386 1441
431 398 1442
1148 1146 1444
1392 1277 1432
501 430 1445
1147 870 1448
1225 648 1446
1016 883 1447
925 826 1443
513 461 1450
1214 377 1449
681 1453 1457
1170 1418 1420
1424 587 1427
1423 771 1428
769 1434 1436
766 1424 1427
838 681 1451
999 873 1452
554 578 1453
681 627 1453
969 1005 1455
704 1426 1455
577 632 1456
978 964 1457
1005 1340 1455
204 202 205
203 204 967
1453 978 1457
627 554 1453
1340 704 1455
203 967 1454
632 839 1456
1451 681 1457
203 202 204
200 202 203
200 201 202
200 198 201
199 200 966
199 966 1458
199 198 200
196 198 199
196 197 198
196 195 197
194 196 962
837 1140 1548
194 195 196
677 948 1595
957 152 1506
912 1409 1460
858 1466 1469
862 946 1461
1041 1043 1459
1465 831 1575
895 1124 1463
1491 945 1558
1241 156 1524
185 1039 1517
1409 910 1460
1352 832 1465
129 1466 1502
858 860 1466
860 862 1461
1120 1118 1468
194 161 195
891 961 1462
894 895 1463
1466 129 1469
832 831 1465
1279 812 1472
774 919 1472
1510 134 1546
1118 974 1468
143 1459 1470
1459 1043 1470
1119 1120 1473
940 834 1473
860 1461 1466
678 679 1474
926 1075 1475
1493 1460 1584
1528 916 1585
857 858 1469
934 822 1514
1305 886 1514
195 161 1480
915 914 1515
1140 191 1548
974 973 1516
1177 1511 1544
1039 1038 1517
1483 131 1529
1041 1459 1517
197 195 1518
1043 1045 1470
909 908 1471
1459 143 1509
1309 147 1572
812 774 1472
193 161 194
172 1309 1580
130 1462 1518
1462 961 1518
194 962 1522
1240 1241 1524
946 864 1524
834 1119 1473
902 936 1527
679 942 1474
904 819 1528
920 905 1529
1075 1074 1475
821 927 1530
671 677 1531
19 20 1480
112 113 1483
50 51 1484
18 161 193
20 130 1480
111 162 1476
49 163 1477
113 131 1483
51 132 1484
153 17 193
155 110 1476
154 48 1477
161 19 1480
17 18 193
46 47 1481
108 109 1482
110 111 1476
109 155 1482
48 49 1477
47 154 1481
162 112 1483
182 46 1481
184 108 1482
163 50 1484
171 42 1478
43 137 1478
173 104 1479
105 140 1479
42 43 1478
104 105 1479
10 170 1486
80 164 1485
103 173 1487
138 13 1490
79 80 1485
145 9 1486
156 79 1485
147 102 1487
116 117 1495
54 55 1496
72 175 1488
14 180 1490
148 71 1488
8 145 1489
9 10 1486
102 103 1487
71 72 1488
168 7 1489
70 148 1491
6 168 1492
81 82 1502
174 69 1491
13 14 1490
177 116 1495
68 174 1493
99 172 1494
179 54 1496
7 8 1489
69 70 1491
150 118 1497
151 56 1498
118 119 1497
56 57 1498
5 6 1492
67 68 1493
98 99 1494
117 150 1495
164 81 1502
55 151 1496
119 166 1497
57 167 1498
31 32 1503
134 5 1492
27 28 1499
120 121 1500
58 59 1501
135 67 1493
136 98 1494
131 114 1504
114 115 1504
132 52 1505
52 53 1505
165 27 1499
152 87 1506
166 120 1500
29 30 1507
122 123 1508
167 58 1501
60 61 1509
28 141 1499
87 88 1506
121 142 1500
1 134 1510
59 143 1501
3 135 1511
141 29 1507
4 136 1513
142 122 1508
115 177 1504
143 60 1509
53 179 1505
82 129 1502
33 34 1512
181 31 1503
128 1 1510
88 178 1506
66 3 1511
97 4 1513
30 181 1507
32 157 1503
123 183 1508
61 185 1509
157 33 1512
34 188 1512
189 128 1510
190 66 1511
191 97 1513
1039 185 1532
187 958 1525
822 1305 1514
1045 1047 1534
143 1470 1501
156 1241 1543
1477 163 1539
1051 915 1515
936 937 1533
889 918 1537
677 1360 1537
179 1496 1515
1531 949 1570
1130 825 1538
1309 172 1573
147 1309 1573
986 149 1520
184 1482 1587
129 83 1519
84 192 1519
177 959 1542
924 925 1539
943 137 1574
182 943 1574
1471 153 1522
909 1471 1522
1483 1529 1578
149 25 1520
26 165 1520
1038 1041 1517
926 1475 1581
1486 1348 1556
90 144 1521
178 89 1521
678 1474 1576
833 940 1541
1124 939 1552
910 830 1544
831 827 1546
183 124 1523
125 158 1523
1468 974 1516
144 91 1525
92 187 1525
169 955 1545
2 133 1526
188 35 1526
1351 1352 1555
930 1481 1563
1127 836 1548
961 197 1518
166 1500 1516
1049 1051 1582
1298 857 1549
916 1229 1550
1036 1039 1553
1245 1246 1593
1347 1349 1579
83 84 1519
959 921 1542
1469 129 1519
1516 973 1535
185 62 1532
63 159 1532
1351 145 1556
25 26 1520
989 158 1577
189 989 1577
1047 1049 1554
89 90 1521
1291 945 1557
1074 1073 1551
942 892 1562
973 971 1535
1475 144 1581
1023 931 1563
1571 173 1592
130 21 1536
22 176 1536
1474 955 1576
621 1313 1566
982 983 1567
160 1123 1583
1123 187 1583
139 947 1586
947 175 1586
144 1475 1521
1308 1309 1572
1487 173 1571
16 153 1540
180 15 1540
1462 130 1536
962 909 1522
124 125 1523
891 1462 1561
1247 1347 1579
1309 1301 1580
1253 1279 1587
864 1240 1524
138 1246 1579
971 960 1568
908 1245 1569
91 92 1525
35 2 1526
78 156 1543
186 77 1543
37 169 1545
133 36 1545
171 950 1588
950 146 1588
140 106 1547
107 184 1547
939 902 1527
1241 911 1570
1481 154 1563
819 916 1528
905 904 1529
950 934 1564
138 1349 1591
1349 170 1591
1511 135 1544
823 821 1530
1501 1470 1534
911 671 1531
1178 159 1594
190 1178 1594
937 982 1533
1140 160 1596
191 1140 1596
146 952 1560
166 1516 1535
153 1471 1540
949 139 1565
1460 910 1584
39 146 1560
169 38 1560
62 63 1532
139 75 1565
76 186 1565
1507 181 1527
101 147 1573
172 100 1573
137 44 1574
45 182 1574
167 1501 1534
160 95 1596
96 191 1596
1515 914 1559
1534 1047 1554
158 126 1577
127 189 1577
159 64 1594
65 190 1594
94 160 1583
187 93 1583
170 11 1591
12 138 1591
175 73 1586
74 139 1586
41 171 1588
146 40 1588
951 950 1564
1349 138 1579
1484 132 1538
21 22 1536
1360 889 1537
825 924 1538
1348 1350 1556
157 1463 1552
1519 192 1549
945 912 1558
136 1494 1589
1499 141 1533
1470 1045 1534
925 1023 1539
15 16 1540
1350 1351 1556
957 1506 1551
912 1460 1558
921 920 1542
179 1515 1559
1529 904 1578
173 1479 1592
1469 1519 1549
1460 174 1558
180 1540 1569
914 1130 1559
835 833 1541
77 78 1543
830 1177 1544
1497 166 1535
36 37 1545
827 938 1546
955 954 1576
106 107 1547
1503 157 1552
1488 944 1557
1073 957 1551
836 837 1548
1569 1245 1593
1229 1230 1550
1463 1124 1552
933 1036 1553
954 1313 1576
857 1469 1549
910 1544 1584
1504 177 1542
956 951 1564
1352 1465 1555
167 1534 1554
1554 1049 1582
944 1291 1557
1465 168 1555
1506 178 1551
38 39 1560
1281 891 1561
892 894 1562
934 1514 1564
931 930 1563
75 76 1565
1540 1471 1569
1387 621 1566
983 986 1567
1498 167 1554
831 1546 1575
904 1528 1578
1535 971 1568
1520 165 1567
168 1489 1555
916 1550 1585
1514 956 1564
145 1486 1556
1327 913 1571
1571 913 1572
913 1308 1572
148 1488 1557
100 101 1573
1298 1549 1590
44 45 1574
174 1491 1558
1313 678 1576
986 1520 1567
1505 179 1559
1327 1571 1592
126 127 1577
1246 1247 1579
1301 917 1580
958 926 1581
93 94 1583
73 74 1586
1531 677 1595
1580 917 1589
948 949 1595
1230 1253 1587
40 41 1588
917 941 1589
11 12 1591
919 1327 1592
64 65 1594
95 96 1596
1471 908 1569
150 1497 1568
192 1464 1590
1497 1535 1568
144 1525 1581
134 1492 1575
162 1483 1578
151 1498 1582
135 1493 1584
155 1476 1585
1528 162 1578
1544 135 1584
1490 180 1593
911 1531 1570
1525 958 1581
1498 1554 1582
180 1569 1593
1546 134 1575
949 1531 1595
1550 155 1585
1549 192 1590
