Nodes
272
10 0
9.849714232832905 0.8635869283877683
9.444856584218808 1.642763228796121
8.870367288900209 2.308494323147079
8.191221973931199 2.868095298878102
7.446393092140658 3.337335386102207
6.658529514356885 3.730415013991013
5.841287768815684 4.058304978740641
5.003358243134329 4.329157143453554
4.15058440728708 4.548973760036031
3.287110661877361 4.722152673743516
2.416035019531677 4.851875276230742
1.539802249403187 4.940369647929518
0.6604556951311995 4.989083038865178
-0.2201875605888204 4.9987877890085
-1.100401046686355 4.969635739580205
-1.978428482866405 4.901168756995186
-2.852358402464634 4.7922868117395
-3.719972369185921 4.641169183850478
-4.578537333338038 4.445137677486205
-5.424493659619928 4.200442492665005
-6.252952636278434 3.901941290193209
-7.056836238213023 3.542635399919228
-7.825325135507553 3.113048607217437
-8.540943470763024 2.600590540109615
-9.174049152711502 1.989775247586607
-9.673698062372083 1.26684310374831
-9.961532502090119 0.4381410189089149
-9.961532502090119 -0.4381410189089225
-9.673698062372077 -1.266843103748322
-9.174049152711497 -1.989775247586614
-8.540943470763011 -2.600590540109626
-7.825325135507542 -3.113048607217443
-7.056836238212965 -3.542635399919257
-6.25295263627838 -3.901941290193231
-5.424493659619872 -4.200442492665023
-4.578537333337977 -4.445137677486221
-3.71997236918587 -4.641169183850489
-2.852358402464592 -4.792286811739507
-1.978428482866386 -4.901168756995188
-1.100401046686295 -4.969635739580209
-0.2201875605887674 -4.9987877890085
0.6604556951312501 -4.989083038865175
1.53980224940323 -4.940369647929514
2.416035019531763 -4.851875276230731
3.287110661877434 -4.722152673743504
4.150584407287148 -4.548973760036015
5.003358243134385 -4.329157143453538
5.841287768815758 -4.058304978740614
6.658529514356944 -3.730415013990986
7.446393092140704 -3.337335386102182
8.191221973931265 -2.868095298878055
8.870367288900228 -2.30849432314706
9.444856584218797 -1.642763228796137
9.849714232832905 -0.8635869283877688
0.2117295192241585 -4.231277082116866
-3.144768012911336 4.05603739358953
2.849921466516394 4.041094466824141
-3.111621502741571 -4.012630017483778
3.524077140954215 -3.961083165133401
5.96596182040223 3.186643320856941
-6.363516056502347 3.022970658789272
0.2117295192241101 4.231277082116861
-6.327451282658524 -3.093968557471066
6.720649037668323 -2.766074604362722
8.58148422450539 1.478462268172879
-8.699363513174934 1.178502681673725
-8.354419278212973 -1.816978009009317
8.549439615023489 -1.396813413328639
-1.526597165390108 4.202161671303307
-1.48012083113864 -4.175010909757586
1.829337217037269 -4.147258790524408
4.318087387199393 3.663125121197111
-4.789608072955019 3.590187089037156
-4.855582897548526 -3.473626404195318
5.223430641205891 -3.421765678154861
7.412507741808865 2.457792141316907
-7.755815225327098 2.233378049923335
-9.100340747160223 -0.6033599332657907
9.21206904596511 0.3039501830770337
1.081348104327482 4.223419405229073
0.645134816952634 3.473902458892395
-0.2343324664242386 3.474209704935384
0.2042526818335337 2.711191451305067
-0.6762855965804044 2.703793811005602
-0.2373165974949025 1.947712690433653
0.6433785601240511 1.947410446024756
-1.117982350675797 1.948987499281946
-0.6789901522947295 1.187089446722617
-1.559662480182724 1.188471680002336
-1.120672480435892 0.4252437631617563
-2.001337751305674 0.4268092294021634
-0.2399849052113345 0.4237327381112844
-0.6816806637383492 -0.3381615767060033
0.1989973135985796 -0.3397103934224597
-2.440354781702341 1.190327262036345
-2.881989033363099 0.4284067883803886
-2.44300578073757 -0.335031311009598
-3.32364896452765 -0.3334613018556347
-3.762609646116776 0.4299508757310416
-4.204260114450593 -0.3318944251541815
-4.64323464379112 0.4314705913407695
-5.08484509696995 -0.3303318839204973
-0.2426886594953248 -1.10161450928099
0.6379857643660681 -1.103166088500364
1.079668204194337 -0.3412613370287516
1.518654786196157 -1.104713404737836
1.960332254729717 -0.3428205735800337
2.399316100369043 -1.106262517918696
2.840986978750919 -0.3443797890565096
3.279965764933177 -1.107813852900252
3.721618927049012 -0.3459321565347938
3.282655536765158 0.4174841117649473
4.163295055478807 0.4159002231140637
4.602218787745569 -0.3474669245967336
5.043866442088467 0.4142984636328149
5.482739803786522 -0.3489470436017154
-2.88467448349754 -1.096886791660484
-5.523766215685951 0.432953725679631
-5.965302721616894 -0.3287118194821644
3.724350978553913 1.179316125607375
5.924342030098979 0.4126497613251525
-4.20167449701913 1.193341068279679
-4.64594341446997 -1.093712966097154
6.363133541678058 -0.3504444029855563
1.076976290301737 -1.86661970274446
5.041203621529107 -1.105095800377027
2.843699676703981 1.180905600296085
-6.4041010167997 0.4344132791683357
2.838297049574655 -1.86969388661134
3.285440988071648 1.942796519053818
4.166172831196874 1.941173647258823
-6.84552683547763 -0.3269949099849195
6.804611540892239 0.4109804553668994
-6.406968593124846 -1.090101005681588
-5.962745705204146 1.196032309707583
5.485678000214065 1.175910000686127
3.718930675032754 -1.871237415460629
2.404766176075031 1.94435513027271
-1.123365779317456 -1.100056793664371
-0.6843728445743611 -1.863518411731496
-1.565042038411858 -1.861961267721166
1.521364070707795 0.4206496024805996
-1.557100658881986 2.702424033712694
7.243265685203669 -0.3519429910316326
6.801913745853813 -1.113354852408624
-7.284177178780645 0.4357991529775975
-1.126038738542384 -2.617498955978932
-0.2453696754348691 -2.622113031002248
-2.006706683480629 -2.614620464323183
1.495785609974909 3.455818290288224
-7.709947131212145 -0.3164392228056588
7.671980511242518 0.4021144005755842
2.764730306610664 2.673600567703046
7.180691859193931 1.129015164824264
3.277334345911723 -2.599070371072632
2.396666381900155 -2.613778969911059
4.153060846791855 -2.588577621708842
8.100148454108496 -0.4338204930939822
-0.6870628837176982 -3.388892319307979
-8.163933850610951 0.4372346198488628
-7.751992098273361 1.313796165675047
-9.092948294299923 0.3161079249757912
1.927173918333406 2.6894814010065
2.938042736805026 -3.308077635504992
-7.254177668698572 -1.044182808973562
-6.94092936621785 -1.864548424574253
-5.983647289454066 -1.812979459425678
-6.842961322383008 1.197283429699983
-6.38340048792643 2.083843985831823
-5.521497635979857 1.957862684870116
7.678774980327002 -1.184380666491494
7.197409651672881 -1.9375717718258
6.323503620821139 -1.898390953618182
5.806077631299544 -2.633413261057045
9.083597373705413 -0.5290251332195253
4.590416012603846 -1.853566217504325
1.079018511522301 2.70674258971869
-5.082324367468422 1.1947120927166
-4.64097094914395 1.956626093840937
-3.760382472657743 1.955386382433624
-4.199737835038514 2.718648295204135
-3.345894353900201 2.697211568718527
-2.884129452314366 1.950573156340402
-2.443281668570601 2.677742667778922
6.357256747749245 1.168510235889926
5.877974943277296 1.895264460111159
5.028860372837404 1.918702009547896
4.602037280061587 1.174216744974516
4.635847956922033 2.69874220300902
3.655665747797969 2.831887516625467
3.503015594360381 3.569440919548604
-5.529049959201704 -1.085220297137258
-5.090710281032495 -1.847477440883407
-4.207534844766167 -1.855766764026864
-4.648712905703652 -2.618875154897863
-3.768124552046086 -2.604783006412869
-5.537953345513266 -2.628293451153803
0.2017003740263721 1.18539864527004
1.082397580219927 1.184016328956917
-2.445699311809483 -1.858830189046435
-2.887387700712627 -2.592529520456257
-2.539127352616451 -3.328727930334112
-2.000418565387969 1.943087716525441
4.159058964815577 -1.105185394562293
-3.765404218611882 -1.095073337794009
-1.562352016401236 -0.3366023931875748
-3.321856647195575 1.191330922200247
0.6406904395892794 0.4221375973946048
-2.00402323502919 -1.098228124381605
0.1963050716333266 -1.864261225792787
0.6353044608524838 -2.624037998480906
1.516002681709148 -2.614207549853199
1.074295784932238 -3.391995116179526
2.402012248986277 0.4190512706536408
-3.326470851907297 -1.850644934899486
1.957646705671121 -1.866690037592748
1.963056377301289 1.182481704510817
-5.080179646310699 2.719713950309389
1.516631853929334 1.942414600081732
5.921659337869089 -1.11193508025672
-1.975662034247022 3.414938646055999
-3.808089025523004 3.634669226716484
0.1585498892306065 -3.382296665865105
5.445184319131519 -1.868245379705896
-0.6641915787140229 4.21657483051102
-0.636068710358515 -4.259464296611124
1.063124093145629 -4.339996735123098
6.74936507315099 1.987924707054867
-3.97314450394735 -3.833646992256552
-1.567650683889657 -3.339767936422295
4.367973939514869 -3.762796633608557
5.199129017645555 3.425877370849857
-1.111838217538102 3.433935834848349
-5.61427579687321 3.341442717230954
4.988245690666394 -2.607070965422077
2.048225411718675 -3.357922966454357
-7.057669834650072 -2.715912782769821
6.737162458453133 2.917339462567682
1.945250141885414 4.153348773808032
-7.083976630811247 2.643602285884807
-5.679686764323714 -3.459654439135689
-2.304132609569677 -4.148011320988482
-2.348917860941646 4.1689424390403
-7.729314202560683 -2.294643209590627
8.101952174933146 2.093408096571124
5.466464606908758 2.615050003344868
-8.206578810011544 -0.9979487608120556
2.288608401558839 3.407515556346495
2.697986350866227 -4.087655121022536
7.996718594432044 -2.046844887424492
-8.384432692049984 1.863208536993666
7.510478469969044 -2.59118438971865
-3.414808537166973 -3.257491704873612
8.482471902712104 0.4030569405433061
6.026190515885746 -3.336758937436249
-8.454749766658958 -0.2328810744117702
-8.901817210093663 -1.33498101088442
7.956906413554657 1.116140272493586
-2.860926778551542 3.369444881435792
-7.14175363708144 1.880351181880427
9.114119198046865 0.9383639097954215
3.808378758482814 -3.223862641652732
-4.209445610937758 -3.172632762298109
-5.77490470957283 2.613400822391695
-7.697083865140325 -1.603660242591963
7.480284652528319 1.756856076452149
-6.389321636217963 -2.39153618076647
6.15938578043848 2.520444390787103
4.589783540919202 -3.123570422887971
3.627424411156535 4.168676782669317
2.916365170224791 3.33433363860785
Elements
487
79 175 0
195 197 74
0 175 54
197 241 74
158 171 68
72 190 189
68 175 158
159 226 223
223 226 55
19 222 18
213 223 55
55 227 213
72 191 190
78 162 28
28 162 27
172 173 64
254 261 65
71 249 236
236 249 164
65 258 254
79 254 175
27 162 26
26 162 66
160 161 66
61 240 169
230 242 70
202 242 230
73 222 19
175 254 158
18 222 56
159 230 70
70 226 159
78 257 247
54 175 53
247 256 78
53 175 68
172 250 171
71 236 213
213 227 71
171 250 68
182 259 222
173 174 64
64 252 172
8 232 7
73 218 181
161 251 66
181 222 73
174 235 75
66 162 160
166 244 237
77 251 161
243 259 221
169 264 61
182 222 181
222 259 56
75 255 174
161 260 77
189 232 72
56 259 243
240 260 169
7 232 60
72 232 8
225 233 82
166 265 244
76 238 228
191 271 190
190 271 153
150 177 163
245 266 258
69 233 225
245 258 65
173 224 174
81 177 150
238 268 228
184 203 143
183 203 184
95 203 183
183 207 95
131 188 187
146 160 151
146 151 132
187 189 131
180 207 183
167 197 193
130 190 153
193 197 195
144 171 158
128 146 132
144 158 152
24 77 23
144 152 133
83 177 81
124 144 133
86 219 177
122 207 180
124 133 121
167 193 192
120 188 131
128 132 119
118 128 119
5 76 4
185 186 136
131 190 130
126 204 176
177 219 163
116 124 121
118 119 102
119 192 102
122 179 178
31 67 30
102 192 123
121 185 136
151 165 132
201 215 196
199 208 142
116 121 115
128 168 146
3 65 2
145 171 144
122 178 101
192 193 123
122 180 179
176 204 137
101 118 102
187 188 136
113 188 120
114 116 115
53 68 52
198 208 199
146 168 161
200 215 201
114 115 113
26 66 25
189 190 131
92 198 88
152 154 133
137 204 110
200 209 117
92 208 198
89 203 95
146 161 160
141 209 200
121 136 115
157 176 137
98 205 117
101 102 100
48 75 47
88 198 85
87 203 89
50 64 49
111 114 113
124 145 144
199 219 86
99 101 100
165 166 134
118 135 128
93 206 139
36 74 35
20 73 19
117 215 200
100 205 98
7 60 6
194 215 205
99 100 98
132 134 119
110 111 109
9 72 8
96 99 98
22 61 21
34 63 33
110 204 111
142 217 199
111 204 114
108 110 109
95 96 91
180 181 179
135 168 128
129 137 110
196 215 194
111 113 112
155 157 137
89 95 91
114 204 126
200 201 149
108 109 107
96 98 97
139 209 141
102 123 100
114 126 116
143 203 87
89 91 90
117 209 97
206 209 139
87 89 88
212 216 125
141 200 149
120 131 130
95 207 96
106 108 107
94 208 92
115 188 113
106 107 105
198 199 86
205 215 117
97 209 206
111 112 109
44 71 43
90 206 93
46 59 45
16 69 15
99 122 101
40 70 39
104 106 105
104 105 94
107 142 105
11 57 10
18 56 17
38 58 37
156 216 212
113 120 112
96 207 99
96 97 91
84 143 87
139 141 140
93 139 103
85 198 86
89 90 88
99 207 122
14 62 13
141 149 147
105 208 94
86 177 83
112 214 109
42 55 41
108 129 110
90 93 92
139 140 103
93 94 92
103 104 94
127 214 112
98 117 97
107 214 142
101 178 118
104 125 106
87 88 85
201 202 149
140 210 103
103 210 104
142 208 105
129 155 137
93 103 94
141 147 140
148 210 140
90 92 88
91 206 90
147 159 148
104 210 125
193 194 123
210 211 125
147 148 140
148 211 210
123 205 100
211 212 125
109 214 107
135 169 168
211 213 212
127 217 214
120 130 127
125 216 106
138 217 127
193 195 194
134 192 119
108 216 129
97 206 91
120 127 112
156 164 155
130 153 138
84 87 85
129 216 156
106 216 108
130 138 127
153 163 138
85 86 83
214 217 142
129 156 155
180 182 181
180 183 182
183 184 182
194 205 123
132 165 134
195 196 194
145 172 171
178 179 170
133 185 121
136 188 115
186 187 136
179 218 170
124 220 145
138 219 217
135 178 170
84 85 83
217 219 199
181 218 179
126 220 116
163 219 138
118 178 135
116 220 124
135 170 169
154 185 133
145 220 173
167 192 134
166 167 134
145 173 172
29 78 28
82 84 83
1 79 0
82 83 81
81 150 80
62 82 81
176 235 224
143 221 184
211 223 213
159 223 148
176 224 126
220 224 173
62 225 82
154 228 185
148 223 211
147 230 159
202 230 149
82 233 84
73 234 218
224 235 174
62 81 80
143 233 221
221 233 69
213 236 212
156 236 164
126 224 220
202 253 58
58 242 202
69 225 15
40 226 70
15 225 14
41 226 40
13 80 12
62 80 13
14 225 62
55 226 41
71 227 43
43 227 42
42 227 55
185 228 186
36 229 74
37 229 36
58 229 37
75 231 47
47 231 46
149 230 147
153 248 163
46 231 59
63 241 197
84 233 143
197 267 63
74 263 195
11 239 57
21 234 20
61 234 21
78 256 162
150 239 80
201 253 202
20 234 73
157 235 176
70 242 39
79 261 254
38 242 58
174 255 64
16 243 69
56 243 17
168 260 161
59 262 164
74 241 35
164 262 155
69 243 221
5 238 76
6 238 5
170 264 169
221 259 184
239 248 57
33 237 32
212 236 156
34 241 63
63 237 33
253 263 229
164 249 59
167 267 197
60 238 6
44 249 71
12 239 11
59 249 45
77 240 23
23 240 22
80 239 12
186 246 187
58 253 229
22 240 61
162 256 160
172 252 250
35 241 34
187 246 189
39 242 38
191 270 57
72 270 191
150 248 239
48 255 75
32 244 31
31 244 67
64 255 49
17 243 16
57 270 10
9 270 72
50 252 64
4 245 3
3 245 65
163 248 150
76 245 4
231 269 262
25 251 24
231 262 59
66 251 25
189 246 232
151 247 165
247 257 67
52 250 51
45 249 44
68 250 52
24 251 77
237 267 166
165 265 166
77 260 240
228 268 186
151 256 247
51 252 50
196 253 201
158 254 152
30 257 29
29 257 78
237 244 32
232 246 60
49 255 48
254 258 152
160 256 151
196 263 253
2 261 1
67 257 30
1 261 79
152 258 154
184 259 182
169 260 168
234 264 218
65 261 2
155 262 157
154 266 228
195 263 196
61 264 234
218 264 170
57 271 191
153 271 248
250 252 51
235 269 75
262 269 157
166 267 167
63 267 237
258 266 154
186 268 246
229 263 74
228 266 76
10 270 9
75 269 231
67 265 247
247 265 165
246 268 60
157 269 235
60 268 238
244 265 67
76 266 245
248 271 57
